=== TRAINING REPORT ===

[CONFIG]
data_path: ../Ciphers/Gift-64/gift64_R1_r5_s3073926548.npz
model: mlp
batch_size: 128
lr: 0.001
epochs: 20
train_split: 0.8
split_seed: 1234
device: cpu

[DATASET METADATA]
key: 273987138873468975211913056796204200004
seed: 3073926548
rounds: 5
delta: 15

[DATA SHAPES]
train_size: 52428
test_size: 13108
num_rows: 1
block_size: 64
trainable_parameters: 49665

[SUMMARY]
best_test_acc: 0.801800
best_test_adv: 0.301800
best_epoch: 8
best_epoch_train_acc: 0.833925
best_epoch_train_loss: 0.366263
best_epoch_test_loss: 0.438599
final_train_acc: 0.899691
final_test_acc: 0.772658
final_train_loss: 0.238219
final_test_loss: 0.595595
final_test_adv: 0.272658
max_overfit_gap_train_minus_test_acc: 0.127033
epoch_min_test_loss: 6
min_test_loss: 0.427629

[FINAL CONFUSION COUNTS]
TP: 4776
TN: 5352
FP: 1202
FN: 1778
precision: 0.798929
recall: 0.728715
specificity: 0.816601

[EPOCH-BY-EPOCH]
epoch	train_loss	train_acc	train_adv	test_loss	test_acc	test_adv	test_precision	test_recall	test_specificity
1	0.515590	0.737716	0.237716	0.475588	0.764648	0.264648	0.823299	0.673940	0.855356
2	0.455071	0.779831	0.279831	0.451350	0.782423	0.282423	0.890836	0.643729	0.921117
3	0.432119	0.793660	0.293660	0.447057	0.784559	0.284559	0.903680	0.637016	0.932103
4	0.414504	0.806477	0.306477	0.435994	0.795392	0.295392	0.866250	0.698657	0.892127
5	0.399616	0.815404	0.315404	0.430476	0.798367	0.298367	0.881263	0.689655	0.907080
6	0.388197	0.821374	0.321374	0.427629	0.800046	0.300046	0.891655	0.683094	0.916997
7	0.377476	0.827687	0.327687	0.436531	0.800504	0.300504	0.898120	0.677907	0.923100
8	0.366263	0.833925	0.333925	0.438599	0.801800	0.301800	0.878347	0.700641	0.902960
9	0.356967	0.839742	0.339742	0.435937	0.799893	0.299893	0.880690	0.693775	0.906012
10	0.346106	0.843175	0.343175	0.461170	0.798139	0.298139	0.851565	0.722154	0.874123
11	0.336039	0.848650	0.348650	0.467592	0.795697	0.295697	0.834484	0.737717	0.853677
12	0.324689	0.855478	0.355478	0.464731	0.792875	0.292875	0.869775	0.688892	0.896857
13	0.315443	0.861486	0.361486	0.476291	0.795468	0.295468	0.841957	0.727495	0.863442
14	0.303040	0.866484	0.366484	0.504745	0.790052	0.290052	0.830609	0.728715	0.851388
15	0.292837	0.871614	0.371614	0.519902	0.789747	0.289747	0.827414	0.732225	0.847269
16	0.280978	0.877127	0.377127	0.525874	0.784025	0.284025	0.846454	0.693927	0.874123
17	0.270920	0.883059	0.383059	0.557455	0.773039	0.273039	0.805115	0.720476	0.825603
18	0.259182	0.888743	0.388743	0.555154	0.781050	0.281050	0.818575	0.722154	0.839945
19	0.249282	0.894274	0.394274	0.568269	0.776701	0.276701	0.815666	0.714983	0.838419
20	0.238219	0.899691	0.399691	0.595595	0.772658	0.272658	0.798929	0.728715	0.816601
