=== TRAINING REPORT ===

[CONFIG]
data_path: ../Ciphers/Gift-64/gift64_R2_r5_s3073926548.npz
model: conv
batch_size: 128
lr: 0.001
epochs: 20
train_split: 0.8
split_seed: 1234
device: cpu

[DATASET METADATA]
key: 273987138873468975211913056796204200004
seed: 3073926548
rounds: 5
deltas: [0, 15, 128, 32768, 2147483648, 281474976710656, 32896, 72057594037927937]
use_differences: 1
include_base_row: 0

[DATA SHAPES]
train_size: 52428
test_size: 13108
num_rows: 7
block_size: 64
trainable_parameters: 14081

[SUMMARY]
best_test_acc: 0.785475
best_test_adv: 0.285475
best_epoch: 9
best_epoch_train_acc: 0.785935
best_epoch_train_loss: 0.447738
best_epoch_test_loss: 0.454987
final_train_acc: 0.798333
final_test_acc: 0.763274
final_train_loss: 0.431590
final_test_loss: 0.474923
final_test_adv: 0.263274
max_overfit_gap_train_minus_test_acc: 0.035059
epoch_min_test_loss: 17
min_test_loss: 0.454418

[FINAL CONFUSION COUNTS]
TP: 5458
TN: 4547
FP: 2007
FN: 1096
precision: 0.731145
recall: 0.832774
specificity: 0.693775

[EPOCH-BY-EPOCH]
epoch	train_loss	train_acc	train_adv	test_loss	test_acc	test_adv	test_precision	test_recall	test_specificity
1	0.509993	0.749733	0.249733	0.481698	0.764724	0.264724	0.787537	0.725053	0.804394
2	0.481185	0.766403	0.266403	0.474401	0.771285	0.271285	0.803828	0.717730	0.824840
3	0.472216	0.771649	0.271649	0.468998	0.777846	0.277846	0.827990	0.701404	0.854287
4	0.465062	0.775940	0.275940	0.473552	0.780134	0.280134	0.871209	0.657461	0.902807
5	0.459584	0.780022	0.280022	0.470479	0.765258	0.265258	0.750108	0.795545	0.734971
6	0.456004	0.783455	0.283455	0.457789	0.784101	0.284101	0.818726	0.729783	0.838419
7	0.452499	0.784638	0.284638	0.477229	0.779677	0.279677	0.879975	0.647696	0.911657
8	0.450486	0.784886	0.284886	0.464277	0.771437	0.271437	0.758125	0.797223	0.745652
9	0.447738	0.785935	0.285935	0.454987	0.785475	0.285475	0.826869	0.722154	0.848795
10	0.445667	0.787938	0.287938	0.458474	0.784406	0.284406	0.839774	0.702930	0.865883
11	0.443496	0.788491	0.288491	0.458571	0.776701	0.276701	0.776153	0.777693	0.775709
12	0.442085	0.792077	0.292077	0.461800	0.782576	0.282576	0.854925	0.680653	0.884498
13	0.441237	0.792000	0.292000	0.476721	0.779600	0.279600	0.889314	0.638694	0.920507
14	0.438889	0.793278	0.293278	0.461353	0.782804	0.282804	0.850710	0.685993	0.879616
15	0.438150	0.794251	0.294251	0.463823	0.784712	0.284712	0.866745	0.672872	0.896552
16	0.436880	0.793393	0.293393	0.461377	0.784864	0.284864	0.849756	0.692096	0.877632
17	0.436110	0.795510	0.295510	0.454418	0.781965	0.281965	0.792498	0.763961	0.799969
18	0.433567	0.798161	0.298161	0.458333	0.782728	0.282728	0.820367	0.723985	0.841471
19	0.433248	0.795548	0.295548	0.455165	0.782347	0.282347	0.786855	0.774489	0.790204
20	0.431590	0.798333	0.298333	0.474923	0.763274	0.263274	0.731145	0.832774	0.693775
