=== TRAINING REPORT ===

[CONFIG]
data_path: ../Ciphers/Gift-64/gift64_R1_r5_s3073926548.npz
model: resnet
batch_size: 128
lr: 0.001
epochs: 20
train_split: 0.8
split_seed: 1234
device: cpu

[DATASET METADATA]
key: 273987138873468975211913056796204200004
seed: 3073926548
rounds: 5
delta: 15

[DATA SHAPES]
train_size: 52428
test_size: 13108
num_rows: 1
block_size: 64
trainable_parameters: 125121

[SUMMARY]
best_test_acc: 0.762359
best_test_adv: 0.262359
best_epoch: 11
best_epoch_train_acc: 0.760090
best_epoch_train_loss: 0.481680
best_epoch_test_loss: 0.486558
final_train_acc: 0.770619
final_test_acc: 0.753662
final_train_loss: 0.465628
final_test_loss: 0.494154
final_test_adv: 0.253662
max_overfit_gap_train_minus_test_acc: 0.032367
epoch_min_test_loss: 10
min_test_loss: 0.485181

[FINAL CONFUSION COUNTS]
TP: 4272
TN: 5607
FP: 947
FN: 2282
precision: 0.818548
recall: 0.651816
specificity: 0.855508

[EPOCH-BY-EPOCH]
epoch	train_loss	train_acc	train_adv	test_loss	test_acc	test_adv	test_precision	test_recall	test_specificity
1	0.555084	0.701820	0.201820	0.549266	0.707431	0.207431	0.748492	0.624809	0.790052
2	0.523555	0.727760	0.227760	0.495330	0.756256	0.256256	0.845790	0.626793	0.885719
3	0.495172	0.750668	0.250668	0.490205	0.750153	0.250153	0.774210	0.706286	0.794019
4	0.491174	0.754005	0.254005	0.488559	0.749313	0.249313	0.776762	0.699725	0.798901
5	0.488167	0.756218	0.256218	0.489184	0.749085	0.249085	0.768901	0.712237	0.785932
6	0.487343	0.756123	0.256123	0.488811	0.758163	0.258163	0.849298	0.627708	0.888618
7	0.485706	0.756943	0.256943	0.489149	0.751984	0.251984	0.780248	0.701556	0.802411
8	0.485090	0.758106	0.258106	0.486010	0.759231	0.259231	0.824857	0.658224	0.860238
9	0.483315	0.760624	0.260624	0.486608	0.751831	0.251831	0.783933	0.695301	0.808361
10	0.481646	0.760643	0.260643	0.485181	0.757247	0.257247	0.817753	0.662038	0.852457
11	0.481680	0.760090	0.260090	0.486558	0.762359	0.262359	0.840158	0.648001	0.876717
12	0.479882	0.761254	0.261254	0.493967	0.739319	0.239319	0.746658	0.724443	0.754196
13	0.478913	0.761311	0.261311	0.489938	0.746491	0.246491	0.761704	0.717424	0.775557
14	0.476955	0.762894	0.262894	0.502125	0.759384	0.259384	0.890446	0.591547	0.927220
15	0.475422	0.763771	0.263771	0.493469	0.746567	0.246567	0.755696	0.728715	0.764419
16	0.474225	0.765831	0.265831	0.492809	0.746491	0.246491	0.768668	0.705218	0.787763
17	0.472871	0.764916	0.264916	0.493761	0.757095	0.257095	0.845712	0.628929	0.885261
18	0.469594	0.767281	0.267281	0.493410	0.750153	0.250153	0.772026	0.709948	0.790357
19	0.468802	0.768635	0.268635	0.497705	0.736268	0.236268	0.743666	0.721086	0.751449
20	0.465628	0.770619	0.270619	0.494154	0.753662	0.253662	0.818548	0.651816	0.855508
