=== TRAINING REPORT ===

[CONFIG]
data_path: ../Ciphers/Gift-64/gift64_R2_r5_s3073926548.npz
model: resnet
batch_size: 128
lr: 0.001
epochs: 20
train_split: 0.8
split_seed: 1234
device: cpu

[DATASET METADATA]
key: 273987138873468975211913056796204200004
seed: 3073926548
rounds: 5
deltas: [0, 15, 128, 32768, 2147483648, 281474976710656, 32896, 72057594037927937]
use_differences: 1
include_base_row: 0

[DATA SHAPES]
train_size: 52428
test_size: 13108
num_rows: 7
block_size: 64
trainable_parameters: 125505

[SUMMARY]
best_test_acc: 0.825069
best_test_adv: 0.325069
best_epoch: 4
best_epoch_train_acc: 0.827687
best_epoch_train_loss: 0.380621
best_epoch_test_loss: 0.388970
final_train_acc: 0.971599
final_test_acc: 0.774336
final_train_loss: 0.075033
final_test_loss: 0.937457
final_test_adv: 0.274336
max_overfit_gap_train_minus_test_acc: 0.238304
epoch_min_test_loss: 4
min_test_loss: 0.388970

[FINAL CONFUSION COUNTS]
TP: 5472
TN: 4678
FP: 1876
FN: 1082
precision: 0.744692
recall: 0.834910
specificity: 0.713763

[EPOCH-BY-EPOCH]
epoch	train_loss	train_acc	train_adv	test_loss	test_acc	test_adv	test_precision	test_recall	test_specificity
1	0.468824	0.774987	0.274987	0.457873	0.778456	0.278456	0.754675	0.825145	0.731767
2	0.430327	0.799706	0.299706	0.496427	0.741761	0.241761	0.684094	0.898383	0.585139
3	0.405896	0.813363	0.313363	0.421372	0.797986	0.297986	0.769602	0.850626	0.745346
4	0.380621	0.827687	0.327687	0.388970	0.825069	0.325069	0.837158	0.807141	0.842997
5	0.364122	0.837339	0.337339	0.424435	0.813396	0.313396	0.923156	0.683705	0.943088
6	0.347300	0.845750	0.345750	0.398416	0.822170	0.322170	0.874978	0.751755	0.892585
7	0.332151	0.852197	0.352197	0.433535	0.814312	0.314312	0.906151	0.701251	0.927373
8	0.315147	0.862058	0.362058	0.418834	0.814998	0.314998	0.864302	0.747330	0.882667
9	0.292190	0.873484	0.373484	0.462040	0.807827	0.307827	0.906836	0.686146	0.929509
10	0.271871	0.883726	0.383726	0.467496	0.815914	0.315914	0.871924	0.740616	0.891211
11	0.250741	0.894865	0.394865	0.483120	0.803250	0.303250	0.812647	0.788221	0.818279
12	0.223960	0.906405	0.406405	0.518264	0.788297	0.288297	0.767521	0.827128	0.749466
13	0.196849	0.919680	0.419680	0.559557	0.780516	0.280516	0.755880	0.828654	0.732377
14	0.172111	0.931945	0.431945	0.691969	0.747559	0.247559	0.697360	0.874733	0.620384
15	0.145081	0.942454	0.442454	1.004650	0.704150	0.204150	0.642068	0.922643	0.485658
16	0.126724	0.951305	0.451305	0.718653	0.777617	0.277617	0.800993	0.738785	0.816448
17	0.104790	0.960613	0.460613	1.020954	0.768538	0.268538	0.910256	0.595819	0.941257
18	0.090422	0.964752	0.464752	0.893703	0.781965	0.281965	0.846977	0.688282	0.875648
19	0.081560	0.969425	0.469425	0.981756	0.760299	0.260299	0.715895	0.863137	0.657461
20	0.075033	0.971599	0.471599	0.937457	0.774336	0.274336	0.744692	0.834910	0.713763
