=== TRAINING REPORT ===

[CONFIG]
data_path: ../Ciphers/Gift-64/gift64_R2_r5_s3073926548.npz
model: mlp
batch_size: 128
lr: 0.001
epochs: 20
train_split: 0.8
split_seed: 1234
device: cpu

[DATASET METADATA]
key: 273987138873468975211913056796204200004
seed: 3073926548
rounds: 5
deltas: [0, 15, 128, 32768, 2147483648, 281474976710656, 32896, 72057594037927937]
use_differences: 1
include_base_row: 0

[DATA SHAPES]
train_size: 52428
test_size: 13108
num_rows: 7
block_size: 64
trainable_parameters: 147969

[SUMMARY]
best_test_acc: 0.816677
best_test_adv: 0.316677
best_epoch: 5
best_epoch_train_acc: 0.853094
best_epoch_train_loss: 0.335144
best_epoch_test_loss: 0.403799
final_train_acc: 0.974117
final_test_acc: 0.794706
final_train_loss: 0.072561
final_test_loss: 0.879303
final_test_adv: 0.294706
max_overfit_gap_train_minus_test_acc: 0.184561
epoch_min_test_loss: 4
min_test_loss: 0.402983

[FINAL CONFUSION COUNTS]
TP: 5184
TN: 5233
FP: 1321
FN: 1370
precision: 0.796925
recall: 0.790967
specificity: 0.798444

[EPOCH-BY-EPOCH]
epoch	train_loss	train_acc	train_adv	test_loss	test_acc	test_adv	test_precision	test_recall	test_specificity
1	0.515036	0.737926	0.237926	0.487756	0.758239	0.258239	0.871244	0.606042	0.910436
2	0.458277	0.777790	0.277790	0.452680	0.781736	0.281736	0.785438	0.775252	0.788221
3	0.408764	0.808671	0.308671	0.420589	0.802334	0.302334	0.887087	0.692859	0.911810
4	0.367847	0.834382	0.334382	0.402983	0.814312	0.314312	0.862676	0.747635	0.880989
5	0.335144	0.853094	0.353094	0.403799	0.816677	0.316677	0.874842	0.739091	0.894263
6	0.303889	0.870680	0.370680	0.409215	0.815685	0.315685	0.882440	0.728410	0.902960
7	0.275701	0.885977	0.385977	0.419809	0.816372	0.316372	0.831813	0.793103	0.839640
8	0.252059	0.896410	0.396410	0.438408	0.810879	0.310879	0.827941	0.784864	0.836894
9	0.229180	0.907244	0.407244	0.466596	0.809506	0.309506	0.845277	0.757705	0.861306
10	0.211176	0.916667	0.416667	0.490888	0.806912	0.306912	0.801619	0.815685	0.798139
11	0.191534	0.925250	0.425250	0.495322	0.811337	0.311337	0.844737	0.762893	0.859780
12	0.170502	0.935016	0.435016	0.566781	0.807064	0.307064	0.812354	0.798596	0.815532
13	0.152920	0.943179	0.443179	0.562312	0.807980	0.307980	0.839987	0.760909	0.855050
14	0.137419	0.948520	0.448520	0.612186	0.803631	0.303631	0.833893	0.758316	0.848947
15	0.125247	0.953536	0.453536	0.600260	0.804089	0.304089	0.835409	0.757400	0.850778
16	0.109691	0.959049	0.459049	0.690125	0.807141	0.307141	0.857042	0.737260	0.877022
17	0.099956	0.963874	0.463874	0.801904	0.790967	0.290967	0.781601	0.807598	0.774336
18	0.085880	0.969348	0.469348	0.986696	0.784788	0.284788	0.754118	0.845133	0.724443
19	0.083014	0.970779	0.470779	0.837212	0.800885	0.300885	0.820442	0.770369	0.831401
20	0.072561	0.974117	0.474117	0.879303	0.794706	0.294706	0.796925	0.790967	0.798444
