=== TRAINING REPORT ===

[CONFIG]
data_path: ../Ciphers/Gift-64/gift64_R1_r5_s3073926548.npz
model: conv
batch_size: 128
lr: 0.001
epochs: 20
train_split: 0.8
split_seed: 1234
device: cpu

[DATASET METADATA]
key: 273987138873468975211913056796204200004
seed: 3073926548
rounds: 5
delta: 15

[DATA SHAPES]
train_size: 52428
test_size: 13108
num_rows: 1
block_size: 64
trainable_parameters: 12929

[SUMMARY]
best_test_acc: 0.705600
best_test_adv: 0.205600
best_epoch: 14
best_epoch_train_acc: 0.698672
best_epoch_train_loss: 0.558409
best_epoch_test_loss: 0.553669
final_train_acc: 0.700294
final_test_acc: 0.700488
final_train_loss: 0.557899
final_test_loss: 0.552467
final_test_adv: 0.200488
max_overfit_gap_train_minus_test_acc: 0.009380
epoch_min_test_loss: 20
min_test_loss: 0.552467

[FINAL CONFUSION COUNTS]
TP: 4138
TN: 5044
FP: 1510
FN: 2416
precision: 0.732649
recall: 0.631370
specificity: 0.769606

[EPOCH-BY-EPOCH]
epoch	train_loss	train_acc	train_adv	test_loss	test_acc	test_adv	test_precision	test_recall	test_specificity
1	0.569215	0.692588	0.192588	0.560284	0.690113	0.190113	0.708083	0.646933	0.733293
2	0.563588	0.694362	0.194362	0.558417	0.700946	0.200946	0.756525	0.592615	0.809277
3	0.562376	0.696288	0.196288	0.558755	0.701556	0.201556	0.764517	0.582545	0.820568
4	0.561714	0.696899	0.196899	0.557096	0.695224	0.195224	0.719581	0.639762	0.750687
5	0.561129	0.697929	0.197929	0.556038	0.698810	0.198810	0.734859	0.622063	0.775557
6	0.560444	0.697910	0.197910	0.555675	0.695453	0.195453	0.720558	0.638541	0.752365
7	0.560395	0.696612	0.196612	0.555115	0.696826	0.196826	0.724348	0.635490	0.758163
8	0.560128	0.697032	0.197032	0.554810	0.699954	0.199954	0.741834	0.613366	0.786543
9	0.559443	0.697986	0.197986	0.554849	0.702930	0.202930	0.753140	0.603753	0.802106
10	0.559577	0.698386	0.198386	0.554563	0.696903	0.196903	0.720109	0.644187	0.749619
11	0.559600	0.698787	0.198787	0.554955	0.695301	0.195301	0.714047	0.651511	0.739091
12	0.559168	0.698177	0.198177	0.554287	0.703387	0.203387	0.749813	0.610467	0.796308
13	0.558784	0.698501	0.198501	0.553710	0.701556	0.201556	0.746824	0.609857	0.793256
14	0.558409	0.698672	0.198672	0.553669	0.705600	0.205600	0.763750	0.595362	0.815838
15	0.558493	0.699474	0.199474	0.553141	0.702243	0.202243	0.746788	0.611993	0.792493
16	0.558363	0.700484	0.200484	0.555400	0.691105	0.191105	0.702768	0.662344	0.719866
17	0.558709	0.699779	0.199779	0.553161	0.698352	0.198352	0.726402	0.636405	0.760299
18	0.558062	0.700294	0.200294	0.554260	0.694690	0.194690	0.712738	0.652273	0.737107
19	0.558174	0.699893	0.199893	0.552764	0.701633	0.201633	0.750237	0.604516	0.798749
20	0.557899	0.700294	0.200294	0.552467	0.700488	0.200488	0.732649	0.631370	0.769606
