=== TRAINING REPORT ===

[CONFIG]
data_path: ../Ciphers/Present-64/present64_R2_r5_s100.npz
model: mlp
batch_size: 128
lr: 0.001
epochs: 20
train_split: 0.8
split_seed: 1234
device: cpu

[DATASET METADATA]
key: 1512366075204170929049582354406559215
seed: 100
rounds: 5
deltas: [0, 1, 2, 16, 4294967297, 65544, 51, 3855]

[DATA SHAPES]
train_size: 13107
test_size: 3277
num_rows: 7
block_size: 64
trainable_parameters: 147969

[SUMMARY]
best_test_acc: 0.743973
best_test_adv: 0.243973
best_epoch: 13
best_epoch_train_acc: 1.000000
best_epoch_train_loss: 0.004885
best_epoch_test_loss: 1.030028
final_train_acc: 1.000000
final_test_acc: 0.741837
final_train_loss: 0.000742
final_test_loss: 1.194094
final_test_adv: 0.241837
max_overfit_gap_train_minus_test_acc: 0.263884
epoch_min_test_loss: 4
min_test_loss: 0.551632

[FINAL CONFUSION COUNTS]
TP: 1192
TN: 1239
FP: 375
FN: 471
precision: 0.760689
recall: 0.716777
specificity: 0.767658

[EPOCH-BY-EPOCH]
epoch	train_loss	train_acc	train_adv	test_loss	test_acc	test_adv	test_precision	test_recall	test_specificity
1	0.634792	0.624170	0.124170	0.589459	0.684162	0.184162	0.750399	0.565845	0.806072
2	0.559640	0.711223	0.211223	0.593607	0.681416	0.181416	0.820062	0.476849	0.892193
3	0.535421	0.729534	0.229534	0.576735	0.689655	0.189655	0.828921	0.489477	0.895911
4	0.474555	0.775006	0.275006	0.551632	0.723222	0.223222	0.766197	0.654239	0.794300
5	0.396189	0.823911	0.323911	0.563727	0.719866	0.219866	0.710809	0.755262	0.683395
6	0.308781	0.870527	0.370527	0.696869	0.689045	0.189045	0.647032	0.852075	0.521066
7	0.228036	0.910735	0.410735	0.613878	0.736955	0.236955	0.741410	0.739627	0.734201
8	0.150594	0.949950	0.449950	0.665642	0.730546	0.230546	0.741636	0.719784	0.741636
9	0.101041	0.968795	0.468795	0.746732	0.733903	0.233903	0.737538	0.738425	0.729244
10	0.049752	0.987640	0.487640	0.875090	0.727190	0.227190	0.731209	0.731209	0.723048
11	0.039240	0.990158	0.490158	0.898099	0.726274	0.226274	0.721132	0.751052	0.700743
12	0.013971	0.998550	0.498550	1.001596	0.738785	0.238785	0.767042	0.696933	0.781908
13	0.004885	1.000000	0.500000	1.030028	0.743973	0.243973	0.764103	0.716777	0.771995
14	0.002725	1.000000	0.500000	1.070004	0.738175	0.238175	0.754908	0.716777	0.760223
15	0.001917	1.000000	0.500000	1.094927	0.741227	0.241227	0.757423	0.720986	0.762082
16	0.001511	1.000000	0.500000	1.123603	0.741227	0.241227	0.769332	0.699940	0.783767
17	0.001223	1.000000	0.500000	1.143476	0.741837	0.241837	0.758381	0.720986	0.763321
18	0.001032	1.000000	0.500000	1.160797	0.743668	0.243668	0.762269	0.719182	0.768897
19	0.000867	1.000000	0.500000	1.182041	0.740311	0.240311	0.757614	0.717980	0.763321
20	0.000742	1.000000	0.500000	1.194094	0.741837	0.241837	0.760689	0.716777	0.767658
