=== TRAINING REPORT ===

[CONFIG]
data_path: ../Ciphers/Present-64/present64_R2_r5_s300.npz
model: mlp
batch_size: 128
lr: 0.001
epochs: 20
train_split: 0.8
split_seed: 1234
device: cpu

[DATASET METADATA]
key: 1512366075204170929049582354406559215
seed: 300
rounds: 5
deltas: [0, 1, 2, 16, 4294967297, 65544, 51, 3855]

[DATA SHAPES]
train_size: 52428
test_size: 13108
num_rows: 7
block_size: 64
trainable_parameters: 147969

[SUMMARY]
best_test_acc: 0.790128
best_test_adv: 0.290128
best_epoch: 7
best_epoch_train_acc: 0.886587
best_epoch_train_loss: 0.271980
best_epoch_test_loss: 0.492667
final_train_acc: 0.975509
final_test_acc: 0.768843
final_train_loss: 0.067975
final_test_loss: 1.118560
final_test_adv: 0.268843
max_overfit_gap_train_minus_test_acc: 0.210175
epoch_min_test_loss: 4
min_test_loss: 0.476399

[FINAL CONFUSION COUNTS]
TP: 4844
TN: 5234
FP: 1421
FN: 1609
precision: 0.773184
recall: 0.750659
specificity: 0.786476

[EPOCH-BY-EPOCH]
epoch	train_loss	train_acc	train_adv	test_loss	test_acc	test_adv	test_precision	test_recall	test_specificity
1	0.583454	0.684463	0.184463	0.549403	0.719484	0.219484	0.743509	0.656749	0.780316
2	0.523372	0.738422	0.238422	0.510043	0.750839	0.250839	0.776122	0.694096	0.805860
3	0.455471	0.784390	0.284390	0.502574	0.757247	0.257247	0.894572	0.574616	0.934335
4	0.397342	0.819543	0.319543	0.476399	0.777540	0.277540	0.876999	0.637533	0.913298
5	0.348736	0.847066	0.347066	0.525417	0.755874	0.255874	0.715802	0.836045	0.678137
6	0.304405	0.870832	0.370832	0.503444	0.784178	0.284178	0.774962	0.791415	0.777160
7	0.271980	0.886587	0.386587	0.492667	0.790128	0.290128	0.827959	0.724159	0.854095
8	0.248484	0.896963	0.396963	0.535568	0.782499	0.282499	0.796217	0.750194	0.813824
9	0.218080	0.911822	0.411822	0.544856	0.787687	0.287687	0.820133	0.728498	0.845079
10	0.189322	0.925345	0.425345	0.614810	0.780821	0.280821	0.782691	0.768015	0.793238
11	0.170481	0.932422	0.432422	0.641535	0.775252	0.275252	0.787978	0.743530	0.806011
12	0.155428	0.939994	0.439994	0.793413	0.763579	0.263579	0.729475	0.826127	0.702930
13	0.137091	0.947032	0.447032	0.722404	0.774260	0.274260	0.789622	0.738106	0.809316
14	0.125850	0.951629	0.451629	0.816418	0.766707	0.266707	0.749229	0.790795	0.743351
15	0.114723	0.956607	0.456607	0.935020	0.764953	0.264953	0.736532	0.813575	0.717806
16	0.102024	0.961509	0.461509	0.967743	0.765258	0.265258	0.749852	0.785061	0.746056
17	0.087643	0.966773	0.466773	0.958763	0.761215	0.261215	0.758358	0.755773	0.766491
18	0.083702	0.969635	0.469635	1.077554	0.759460	0.259460	0.738233	0.792345	0.727573
19	0.080689	0.970207	0.470207	1.053825	0.771514	0.271514	0.763487	0.776383	0.766792
20	0.067975	0.975509	0.475509	1.118560	0.768843	0.268843	0.773184	0.750659	0.786476
