=== TRAINING REPORT ===

[CONFIG]
data_path: ../Ciphers/Present-64/present64_R1_r5_s200.npz
model: mlp
batch_size: 128
lr: 0.001
epochs: 20
train_split: 0.8
split_seed: 1234
device: cpu

[DATASET METADATA]
key: 1512366075204170929049582354406559215
seed: 200
rounds: 5
delta: 1

[DATA SHAPES]
train_size: 104857
test_size: 26215
num_rows: 1
block_size: 64
trainable_parameters: 49665

[SUMMARY]
best_test_acc: 0.745108
best_test_adv: 0.245108
best_epoch: 6
best_epoch_train_acc: 0.762324
best_epoch_train_loss: 0.484118
best_epoch_test_loss: 0.510765
final_train_acc: 0.825362
final_test_acc: 0.726645
final_train_loss: 0.377170
final_test_loss: 0.614393
final_test_adv: 0.226645
max_overfit_gap_train_minus_test_acc: 0.098717
epoch_min_test_loss: 6
min_test_loss: 0.510765

[FINAL CONFUSION COUNTS]
TP: 9304
TN: 9745
FP: 3249
FN: 3917
precision: 0.741177
recall: 0.703729
specificity: 0.749962

[EPOCH-BY-EPOCH]
epoch	train_loss	train_acc	train_adv	test_loss	test_acc	test_adv	test_precision	test_recall	test_specificity
1	0.623209	0.643991	0.143991	0.589258	0.680488	0.180488	0.735904	0.571591	0.791288
2	0.556676	0.711512	0.211512	0.535864	0.726340	0.226340	0.782649	0.633235	0.821071
3	0.521543	0.738062	0.238062	0.520859	0.739424	0.239424	0.759672	0.706981	0.772433
4	0.505553	0.747246	0.247246	0.512281	0.740835	0.240835	0.774682	0.685500	0.797137
5	0.494853	0.756115	0.256115	0.523267	0.735381	0.235381	0.818338	0.610922	0.862013
6	0.484118	0.762324	0.262324	0.510765	0.745108	0.245108	0.774310	0.698056	0.792981
7	0.474234	0.768933	0.268933	0.515997	0.741751	0.241751	0.800634	0.649724	0.835386
8	0.466493	0.772290	0.272290	0.536483	0.735876	0.235876	0.823953	0.605703	0.868324
9	0.458006	0.778136	0.278136	0.522577	0.741636	0.241636	0.790189	0.664019	0.820610
10	0.450243	0.783076	0.283076	0.534458	0.734427	0.234427	0.794985	0.637925	0.832615
11	0.441622	0.787654	0.287654	0.535402	0.744040	0.244040	0.751720	0.735345	0.752886
12	0.434676	0.792422	0.292422	0.542677	0.739805	0.239805	0.751020	0.724151	0.755733
13	0.426734	0.797753	0.297753	0.544849	0.737669	0.237669	0.786333	0.658876	0.817839
14	0.418738	0.801768	0.301768	0.555448	0.735991	0.235991	0.776170	0.669617	0.803525
15	0.411371	0.805001	0.305001	0.555527	0.734541	0.234541	0.773593	0.669617	0.800600
16	0.404838	0.809436	0.309436	0.575846	0.734503	0.234503	0.768091	0.678390	0.791596
17	0.397240	0.812869	0.312869	0.591142	0.732443	0.232443	0.736782	0.730429	0.734493
18	0.391218	0.817685	0.317685	0.593203	0.733588	0.233588	0.762434	0.685273	0.782746
19	0.383867	0.821614	0.321614	0.588668	0.725806	0.225806	0.767681	0.654338	0.798522
20	0.377170	0.825362	0.325362	0.614393	0.726645	0.226645	0.741177	0.703729	0.749962
