=== TRAINING REPORT ===

[CONFIG]
data_path: ../Ciphers/Present-64/present64_R1_r5_s100.npz
model: mlp
batch_size: 128
lr: 0.001
epochs: 20
train_split: 0.8
split_seed: 1234
device: cpu

[DATASET METADATA]
key: 1512366075204170929049582354406559215
seed: 100
rounds: 5
delta: 1

[DATA SHAPES]
train_size: 52428
test_size: 13108
num_rows: 1
block_size: 64
trainable_parameters: 49665

[SUMMARY]
best_test_acc: 0.742142
best_test_adv: 0.242142
best_epoch: 8
best_epoch_train_acc: 0.772564
best_epoch_train_loss: 0.469249
best_epoch_test_loss: 0.529038
final_train_acc: 0.855688
final_test_acc: 0.710482
final_train_loss: 0.324311
final_test_loss: 0.695475
final_test_adv: 0.210482
max_overfit_gap_train_minus_test_acc: 0.145206
epoch_min_test_loss: 8
min_test_loss: 0.529038

[FINAL CONFUSION COUNTS]
TP: 4338
TN: 4975
FP: 1650
FN: 2145
precision: 0.724449
recall: 0.669135
specificity: 0.750943

[EPOCH-BY-EPOCH]
epoch	train_loss	train_acc	train_adv	test_loss	test_acc	test_adv	test_precision	test_recall	test_specificity
1	0.641852	0.618887	0.118887	0.613702	0.656546	0.156546	0.688129	0.558846	0.752151
2	0.602077	0.665408	0.165408	0.590652	0.677373	0.177373	0.737965	0.539102	0.812679
3	0.569887	0.698177	0.198177	0.564948	0.705066	0.205066	0.777872	0.565016	0.842113
4	0.537915	0.726635	0.226635	0.548451	0.722460	0.222460	0.723067	0.711245	0.733434
5	0.513829	0.742618	0.242618	0.529365	0.735124	0.235124	0.754867	0.687799	0.781434
6	0.495506	0.754540	0.254540	0.534136	0.732911	0.232911	0.727634	0.735153	0.730717
7	0.481415	0.765354	0.265354	0.535538	0.733293	0.233293	0.730585	0.729909	0.736604
8	0.469249	0.772564	0.272564	0.529038	0.742142	0.242142	0.751499	0.715101	0.768604
9	0.454748	0.782177	0.282177	0.542237	0.739319	0.239319	0.764310	0.683788	0.793660
10	0.441743	0.790265	0.290265	0.550582	0.736421	0.236421	0.770164	0.665741	0.805585
11	0.429656	0.796540	0.296540	0.560923	0.730088	0.230088	0.722398	0.737776	0.722566
12	0.417839	0.803388	0.303388	0.589846	0.731157	0.231157	0.733618	0.716644	0.745358
13	0.406009	0.811151	0.311151	0.568626	0.725893	0.225893	0.740433	0.686411	0.764528
14	0.394340	0.817655	0.317655	0.583823	0.723909	0.223909	0.772970	0.625482	0.820226
15	0.379799	0.825284	0.325284	0.610935	0.725053	0.225053	0.745690	0.673916	0.775094
16	0.370017	0.829652	0.329652	0.615210	0.719255	0.219255	0.757961	0.635200	0.801509
17	0.357762	0.838712	0.338712	0.644371	0.717882	0.217882	0.721207	0.700293	0.735094
18	0.344174	0.844644	0.344644	0.672747	0.710940	0.210940	0.701165	0.724202	0.697962
19	0.334778	0.851663	0.351663	0.678900	0.713076	0.213076	0.713056	0.702607	0.723321
20	0.324311	0.855688	0.355688	0.695475	0.710482	0.210482	0.724449	0.669135	0.750943
