=== TRAINING REPORT ===

[CONFIG]
data_path: ../Ciphers/Present-64/present64_R2_r5_s200.npz
model: mlp
batch_size: 128
lr: 0.001
epochs: 20
train_split: 0.8
split_seed: 1234
device: cpu

[DATASET METADATA]
key: 1512366075204170929049582354406559215
seed: 200
rounds: 5
deltas: [0, 1, 2, 16, 4294967297, 65544, 51, 3855]

[DATA SHAPES]
train_size: 26214
test_size: 6554
num_rows: 7
block_size: 64
trainable_parameters: 147969

[SUMMARY]
best_test_acc: 0.771437
best_test_adv: 0.271437
best_epoch: 6
best_epoch_train_acc: 0.864805
best_epoch_train_loss: 0.311914
best_epoch_test_loss: 0.518892
final_train_acc: 0.995651
final_test_acc: 0.756637
final_train_loss: 0.013549
final_test_loss: 1.410495
final_test_adv: 0.256637
max_overfit_gap_train_minus_test_acc: 0.239014
epoch_min_test_loss: 4
min_test_loss: 0.489023

[FINAL CONFUSION COUNTS]
TP: 2414
TN: 2545
FP: 708
FN: 887
precision: 0.773222
recall: 0.731294
specificity: 0.782355

[EPOCH-BY-EPOCH]
epoch	train_loss	train_acc	train_adv	test_loss	test_acc	test_adv	test_precision	test_recall	test_specificity
1	0.604410	0.664759	0.164759	0.565795	0.706744	0.206744	0.809054	0.546804	0.869044
2	0.556142	0.714275	0.214275	0.539264	0.725511	0.225511	0.777122	0.637988	0.814325
3	0.510978	0.748684	0.248684	0.524702	0.732072	0.232072	0.716933	0.773402	0.690132
4	0.452105	0.786030	0.286030	0.489023	0.764724	0.264724	0.819470	0.683429	0.847218
5	0.375026	0.833066	0.333066	0.511638	0.758621	0.258621	0.837191	0.646471	0.872425
6	0.311914	0.864805	0.364805	0.518892	0.771437	0.271437	0.779016	0.762496	0.780510
7	0.257552	0.895399	0.395399	0.566819	0.758316	0.258316	0.750219	0.779764	0.736551
8	0.198842	0.920310	0.420310	0.606528	0.761062	0.261062	0.785456	0.723114	0.799570
9	0.151765	0.942473	0.442473	0.706573	0.764724	0.264724	0.777008	0.747349	0.782355
10	0.118950	0.955863	0.455863	0.760592	0.763351	0.263351	0.822402	0.676159	0.851829
11	0.110416	0.956626	0.456626	0.879236	0.761520	0.261520	0.836040	0.654953	0.869659
12	0.062781	0.978637	0.478637	1.027850	0.743821	0.243821	0.721101	0.801272	0.685521
13	0.035922	0.989624	0.489624	1.046330	0.756332	0.256332	0.764761	0.745532	0.767292
14	0.035228	0.988212	0.488212	1.137704	0.759384	0.259384	0.780234	0.727052	0.792192
15	0.046145	0.982986	0.482986	1.279226	0.750992	0.250992	0.730207	0.801878	0.699354
16	0.073966	0.971847	0.471847	1.134626	0.755417	0.255417	0.781499	0.714026	0.797418
17	0.057599	0.977989	0.477989	1.245952	0.756332	0.256332	0.819580	0.661921	0.852136
18	0.045045	0.982300	0.482300	1.271259	0.755722	0.255722	0.755870	0.760679	0.750692
19	0.023065	0.991798	0.491798	1.408631	0.754501	0.254501	0.820941	0.655559	0.854903
20	0.013549	0.995651	0.495651	1.410495	0.756637	0.256637	0.773222	0.731294	0.782355
