=== TRAINING REPORT ===

[CONFIG]
data_path: ../Ciphers/Present-64/present64_R1_r5_s300.npz
model: mlp
batch_size: 128
lr: 0.001
epochs: 20
train_split: 0.8
split_seed: 1234
device: cpu

[DATASET METADATA]
key: 1512366075204170929049582354406559215
seed: 300
rounds: 5
delta: 1

[DATA SHAPES]
train_size: 209715
test_size: 52429
num_rows: 1
block_size: 64
trainable_parameters: 49665

[SUMMARY]
best_test_acc: 0.755727
best_test_adv: 0.255727
best_epoch: 7
best_epoch_train_acc: 0.770756
best_epoch_train_loss: 0.472668
best_epoch_test_loss: 0.496034
final_train_acc: 0.804749
final_test_acc: 0.746495
final_train_loss: 0.412936
final_test_loss: 0.546489
final_test_adv: 0.246495
max_overfit_gap_train_minus_test_acc: 0.059818
epoch_min_test_loss: 5
min_test_loss: 0.495778

[FINAL CONFUSION COUNTS]
TP: 17836
TN: 21302
FP: 4981
FN: 8310
precision: 0.781698
recall: 0.682169
specificity: 0.810486

[EPOCH-BY-EPOCH]
epoch	train_loss	train_acc	train_adv	test_loss	test_acc	test_adv	test_precision	test_recall	test_specificity
1	0.589884	0.677782	0.177782	0.528647	0.733296	0.233296	0.773633	0.657615	0.808583
2	0.517603	0.741816	0.241816	0.509053	0.745542	0.245542	0.789065	0.668439	0.822243
3	0.501170	0.751973	0.251973	0.498963	0.753381	0.253381	0.783483	0.698501	0.807975
4	0.490855	0.758539	0.258539	0.502338	0.750024	0.250024	0.813854	0.646638	0.852871
5	0.484213	0.763102	0.263102	0.495778	0.753629	0.253629	0.784825	0.697086	0.809877
6	0.478055	0.766464	0.266464	0.502217	0.754411	0.254411	0.749831	0.761646	0.747213
7	0.472668	0.770756	0.270756	0.496034	0.755727	0.255727	0.785962	0.701102	0.810067
8	0.467330	0.772963	0.272963	0.499852	0.754582	0.254582	0.804355	0.671116	0.837614
9	0.462351	0.775443	0.275443	0.501564	0.754601	0.254601	0.760331	0.741720	0.767416
10	0.457411	0.779181	0.279181	0.505922	0.753514	0.253514	0.753460	0.751702	0.755317
11	0.452728	0.781236	0.281236	0.502628	0.753381	0.253381	0.796695	0.678651	0.827721
12	0.448499	0.783792	0.283792	0.504956	0.752141	0.252141	0.777132	0.705232	0.798805
13	0.443813	0.786691	0.286691	0.512254	0.752389	0.252389	0.756029	0.743364	0.761367
14	0.439214	0.790358	0.290358	0.517224	0.750939	0.250939	0.765218	0.722137	0.779591
15	0.434651	0.792228	0.292228	0.521928	0.750482	0.250482	0.786642	0.685612	0.815014
16	0.430386	0.795151	0.295151	0.526723	0.748593	0.248593	0.775605	0.697736	0.799186
17	0.426122	0.796557	0.296557	0.531014	0.747182	0.247182	0.786760	0.676356	0.817639
18	0.421783	0.799504	0.299504	0.531625	0.746285	0.246285	0.760908	0.716324	0.776091
19	0.417316	0.802155	0.302155	0.546319	0.742337	0.242337	0.740147	0.744818	0.739870
20	0.412936	0.804749	0.304749	0.546489	0.746495	0.246495	0.781698	0.682169	0.810486
