=== TRAINING REPORT ===

[CONFIG]
data_path: ../Ciphers/Rectangle-64/rect64_R1_r5_s200.npz
model: mlp
batch_size: 128
lr: 0.001
epochs: 20
train_split: 0.8
split_seed: 1234
device: cpu

[DATASET METADATA]
key: 1512366075204170929049582354406559215
seed: 200
rounds: 5
delta: 1

[DATA SHAPES]
train_size: 104857
test_size: 26215
num_rows: 1
block_size: 64
trainable_parameters: 49665

[SUMMARY]
best_test_acc: 0.871829
best_test_adv: 0.371829
best_epoch: 7
best_epoch_train_acc: 0.889612
best_epoch_train_loss: 0.264771
best_epoch_test_loss: 0.304484
final_train_acc: 0.927940
final_test_acc: 0.863246
final_train_loss: 0.180177
final_test_loss: 0.378968
final_test_adv: 0.363246
max_overfit_gap_train_minus_test_acc: 0.064694
epoch_min_test_loss: 5
min_test_loss: 0.302541

[FINAL CONFUSION COUNTS]
TP: 11164
TN: 11466
FP: 1528
FN: 2057
precision: 0.879609
recall: 0.844414
specificity: 0.882407

[EPOCH-BY-EPOCH]
epoch	train_loss	train_acc	train_adv	test_loss	test_acc	test_adv	test_precision	test_recall	test_specificity
1	0.413168	0.809941	0.309941	0.347129	0.850544	0.350544	0.898757	0.792981	0.909112
2	0.324305	0.861850	0.361850	0.323002	0.864085	0.364085	0.912171	0.808335	0.920810
3	0.301482	0.872836	0.372836	0.308801	0.868930	0.368930	0.906253	0.825505	0.913114
4	0.288495	0.878749	0.378749	0.304489	0.871486	0.371486	0.895091	0.844112	0.899338
5	0.279664	0.882755	0.382755	0.302541	0.871257	0.371257	0.911553	0.824749	0.918578
6	0.271019	0.886760	0.386760	0.303713	0.870723	0.370723	0.876301	0.865895	0.875635
7	0.264771	0.889612	0.389612	0.304484	0.871829	0.371829	0.905903	0.832312	0.912036
8	0.257557	0.892997	0.392997	0.308615	0.869846	0.369846	0.919296	0.813327	0.927351
9	0.251105	0.896087	0.396087	0.306805	0.871753	0.371753	0.884726	0.857424	0.886332
10	0.244414	0.899539	0.399539	0.309710	0.869655	0.369655	0.911587	0.821194	0.918963
11	0.237715	0.902000	0.402000	0.319503	0.868587	0.368587	0.896367	0.836094	0.901647
12	0.230611	0.905137	0.405137	0.323360	0.869998	0.369998	0.883230	0.855306	0.884947
13	0.224253	0.907436	0.407436	0.327522	0.868663	0.368663	0.899298	0.832842	0.905110
14	0.217331	0.911851	0.411851	0.327721	0.868014	0.368014	0.883898	0.849936	0.886409
15	0.211691	0.913253	0.413253	0.342115	0.865649	0.365649	0.871638	0.860298	0.871094
16	0.205096	0.916667	0.416667	0.344509	0.864047	0.364047	0.874913	0.852280	0.876020
17	0.197789	0.919567	0.419567	0.358830	0.864543	0.364543	0.892260	0.831858	0.897799
18	0.192327	0.922466	0.422466	0.357352	0.865077	0.365077	0.883312	0.843960	0.886563
19	0.186462	0.924097	0.424097	0.361656	0.862750	0.362750	0.891848	0.828303	0.897799
20	0.180177	0.927940	0.427940	0.378968	0.863246	0.363246	0.879609	0.844414	0.882407
