=== TRAINING REPORT ===

[CONFIG]
data_path: ../Ciphers/Rectangle-64/rect64_R2_r5_s300.npz
model: mlp
batch_size: 128
lr: 0.001
epochs: 20
train_split: 0.8
split_seed: 1234
device: cpu

[DATASET METADATA]
key: 1512366075204170929049582354406559215
seed: 300
rounds: 5
deltas: [0, 1, 2, 16, 4294967297, 65544, 51, 3855]

[DATA SHAPES]
train_size: 52428
test_size: 13108
num_rows: 7
block_size: 64
trainable_parameters: 147969

[SUMMARY]
best_test_acc: 0.967196
best_test_adv: 0.467196
best_epoch: 7
best_epoch_train_acc: 0.990291
best_epoch_train_loss: 0.028699
best_epoch_test_loss: 0.111158
final_train_acc: 0.996681
final_test_acc: 0.964831
final_train_loss: 0.008855
final_test_loss: 0.175450
final_test_adv: 0.464831
max_overfit_gap_train_minus_test_acc: 0.061203
epoch_min_test_loss: 5
min_test_loss: 0.106452

[FINAL CONFUSION COUNTS]
TP: 6239
TN: 6408
FP: 247
FN: 214
precision: 0.961918
recall: 0.966837
specificity: 0.962885

[EPOCH-BY-EPOCH]
epoch	train_loss	train_acc	train_adv	test_loss	test_acc	test_adv	test_precision	test_recall	test_specificity
1	0.237766	0.902876	0.402876	0.196982	0.923100	0.423100	0.926925	0.916008	0.929977
2	0.178365	0.930037	0.430037	0.165225	0.935230	0.435230	0.985111	0.881760	0.987077
3	0.118391	0.955787	0.455787	0.115648	0.958346	0.458346	0.980478	0.933984	0.981968
4	0.081644	0.970417	0.470417	0.119872	0.956286	0.456286	0.942904	0.969936	0.943050
5	0.056732	0.979953	0.479953	0.106452	0.960024	0.460024	0.964728	0.953665	0.966191
6	0.044522	0.984360	0.484360	0.107611	0.963763	0.463763	0.963698	0.962653	0.964838
7	0.028699	0.990291	0.490291	0.111158	0.967196	0.467196	0.978548	0.954285	0.979715
8	0.024150	0.991474	0.491474	0.130151	0.958651	0.458651	0.945710	0.971796	0.945905
9	0.016852	0.994106	0.494106	0.136653	0.963000	0.463000	0.972451	0.951805	0.973854
10	0.015544	0.994411	0.494411	0.149943	0.963305	0.463305	0.959243	0.966527	0.960180
11	0.016973	0.993858	0.493858	0.139265	0.965822	0.465822	0.976512	0.953510	0.977761
12	0.013851	0.994984	0.494984	0.160720	0.960635	0.460635	0.949705	0.971486	0.950113
13	0.011949	0.995689	0.495689	0.151164	0.965746	0.465746	0.973502	0.956454	0.974756
14	0.006970	0.997597	0.497597	0.162271	0.966585	0.466585	0.979589	0.951960	0.980766
15	0.009708	0.996357	0.496357	0.307396	0.935154	0.435154	0.896644	0.981404	0.890308
16	0.010910	0.996147	0.496147	0.164903	0.966433	0.466433	0.972943	0.958469	0.974155
17	0.001893	0.999466	0.499466	0.179196	0.966356	0.466356	0.975332	0.955834	0.976559
18	0.010346	0.996147	0.496147	0.168369	0.966204	0.466204	0.980646	0.950101	0.981818
19	0.011506	0.995460	0.495460	0.170585	0.963152	0.463152	0.975773	0.948706	0.977160
20	0.008855	0.996681	0.496681	0.175450	0.964831	0.464831	0.961918	0.966837	0.962885
