=== TRAINING REPORT ===

[CONFIG]
data_path: ../Ciphers/Rectangle-64/rect64_R2_r5_s200.npz
model: mlp
batch_size: 128
lr: 0.001
epochs: 20
train_split: 0.8
split_seed: 1234
device: cpu

[DATASET METADATA]
key: 1512366075204170929049582354406559215
seed: 200
rounds: 5
deltas: [0, 1, 2, 16, 4294967297, 65544, 51, 3855]

[DATA SHAPES]
train_size: 26214
test_size: 6554
num_rows: 7
block_size: 64
trainable_parameters: 147969

[SUMMARY]
best_test_acc: 0.959414
best_test_adv: 0.459414
best_epoch: 14
best_epoch_train_acc: 1.000000
best_epoch_train_loss: 0.000185
best_epoch_test_loss: 0.194416
final_train_acc: 1.000000
final_test_acc: 0.959414
final_train_loss: 0.000062
final_test_loss: 0.209702
final_test_adv: 0.459414
max_overfit_gap_train_minus_test_acc: 0.045277
epoch_min_test_loss: 7
min_test_loss: 0.137320

[FINAL CONFUSION COUNTS]
TP: 3142
TN: 3146
FP: 107
FN: 159
precision: 0.967067
recall: 0.951833
specificity: 0.967107

[EPOCH-BY-EPOCH]
epoch	train_loss	train_acc	train_adv	test_loss	test_acc	test_adv	test_precision	test_recall	test_specificity
1	0.261325	0.893645	0.393645	0.204105	0.917302	0.417302	0.919939	0.915480	0.919152
2	0.201512	0.921263	0.421263	0.257841	0.895179	0.395179	0.853434	0.956074	0.833385
3	0.177909	0.931868	0.431868	0.167320	0.935002	0.435002	0.960885	0.907907	0.962496
4	0.134940	0.950294	0.450294	0.144115	0.944461	0.444461	0.964862	0.923357	0.965878
5	0.090743	0.968986	0.468986	0.137695	0.949344	0.449344	0.976259	0.921842	0.977252
6	0.061346	0.979477	0.479477	0.140118	0.949802	0.449802	0.946246	0.954559	0.944974
7	0.035693	0.989014	0.489014	0.137320	0.954684	0.454684	0.959327	0.950318	0.959115
8	0.026357	0.991417	0.491417	0.200754	0.946140	0.446140	0.991333	0.900939	0.992007
9	0.013161	0.996529	0.496529	0.147770	0.957431	0.457431	0.968672	0.946077	0.968952
10	0.005253	0.999008	0.499008	0.185127	0.956363	0.456363	0.975702	0.936686	0.976330
11	0.003109	0.999390	0.499390	0.168853	0.957736	0.457736	0.970149	0.945168	0.970489
12	0.000965	0.999962	0.499962	0.184909	0.958346	0.458346	0.968731	0.947895	0.968952
13	0.000270	1.000000	0.500000	0.190765	0.958499	0.458499	0.965570	0.951530	0.965570
14	0.000185	1.000000	0.500000	0.194416	0.959414	0.459414	0.967931	0.950924	0.968030
15	0.000143	1.000000	0.500000	0.198080	0.959414	0.459414	0.968220	0.950621	0.968337
16	0.000117	1.000000	0.500000	0.200496	0.959414	0.459414	0.968509	0.950318	0.968644
17	0.000099	1.000000	0.500000	0.204166	0.959262	0.459262	0.967921	0.950621	0.968030
18	0.000084	1.000000	0.500000	0.205396	0.959414	0.459414	0.967931	0.950924	0.968030
19	0.000071	1.000000	0.500000	0.207768	0.959262	0.459262	0.967633	0.950924	0.967722
20	0.000062	1.000000	0.500000	0.209702	0.959414	0.459414	0.967067	0.951833	0.967107
