=== TRAINING REPORT ===

[CONFIG]
data_path: ../Ciphers/Rectangle-64/rect64_R2_r5_s100.npz
model: mlp
batch_size: 128
lr: 0.001
epochs: 20
train_split: 0.8
split_seed: 1234
device: cpu

[DATASET METADATA]
key: 1512366075204170929049582354406559215
seed: 100
rounds: 5
deltas: [0, 1, 2, 16, 4294967297, 65544, 51, 3855]

[DATA SHAPES]
train_size: 13107
test_size: 3277
num_rows: 7
block_size: 64
trainable_parameters: 147969

[SUMMARY]
best_test_acc: 0.947818
best_test_adv: 0.447818
best_epoch: 12
best_epoch_train_acc: 1.000000
best_epoch_train_loss: 0.000800
best_epoch_test_loss: 0.206042
final_train_acc: 1.000000
final_test_acc: 0.947513
final_train_loss: 0.000169
final_test_loss: 0.232933
final_test_adv: 0.447513
max_overfit_gap_train_minus_test_acc: 0.054242
epoch_min_test_loss: 6
min_test_loss: 0.153813

[FINAL CONFUSION COUNTS]
TP: 1558
TN: 1547
FP: 67
FN: 105
precision: 0.958769
recall: 0.936861
specificity: 0.958488

[EPOCH-BY-EPOCH]
epoch	train_loss	train_acc	train_adv	test_loss	test_acc	test_adv	test_precision	test_recall	test_specificity
1	0.301009	0.879988	0.379988	0.203235	0.919439	0.419439	0.961107	0.876729	0.963445
2	0.207649	0.917906	0.417906	0.237951	0.901129	0.401129	0.985497	0.817198	0.987608
3	0.196409	0.920882	0.420882	0.195026	0.923711	0.423711	0.926373	0.923031	0.924411
4	0.173764	0.932174	0.432174	0.183485	0.926152	0.426152	0.941579	0.911004	0.941760
5	0.146606	0.946593	0.446593	0.169900	0.931034	0.431034	0.940527	0.922429	0.939901
6	0.101196	0.966583	0.466583	0.153813	0.938358	0.438358	0.949538	0.927841	0.949195
7	0.061388	0.982223	0.482223	0.157305	0.941105	0.441105	0.950368	0.932652	0.949814
8	0.024137	0.995041	0.495041	0.165569	0.945377	0.445377	0.949697	0.942273	0.948575
9	0.018688	0.995804	0.495804	0.179519	0.945987	0.445987	0.958076	0.934456	0.957869
10	0.006062	0.999313	0.499313	0.187007	0.945072	0.445072	0.951859	0.939266	0.951053
11	0.001542	1.000000	0.500000	0.195471	0.945987	0.445987	0.955270	0.937462	0.954771
12	0.000800	1.000000	0.500000	0.206042	0.947818	0.447818	0.958795	0.937462	0.958488
13	0.000575	1.000000	0.500000	0.209400	0.946597	0.446597	0.957002	0.936861	0.956629
14	0.000447	1.000000	0.500000	0.216367	0.947818	0.447818	0.960494	0.935658	0.960347
15	0.000366	1.000000	0.500000	0.220978	0.947513	0.447513	0.959901	0.935658	0.959727
16	0.000301	1.000000	0.500000	0.223984	0.947208	0.447208	0.958744	0.936260	0.958488
17	0.000257	1.000000	0.500000	0.227132	0.946903	0.446903	0.959284	0.935057	0.959108
18	0.000221	1.000000	0.500000	0.228728	0.947208	0.447208	0.958744	0.936260	0.958488
19	0.000192	1.000000	0.500000	0.229995	0.947818	0.447818	0.958795	0.937462	0.958488
20	0.000169	1.000000	0.500000	0.232933	0.947513	0.447513	0.958769	0.936861	0.958488
