=== TRAINING REPORT ===

[CONFIG]
data_path: ../Ciphers/Rectangle-64/rect64_R1_r5_s300.npz
model: mlp
batch_size: 128
lr: 0.001
epochs: 20
train_split: 0.8
split_seed: 1234
device: cpu

[DATASET METADATA]
key: 1512366075204170929049582354406559215
seed: 300
rounds: 5
delta: 1

[DATA SHAPES]
train_size: 209715
test_size: 52429
num_rows: 1
block_size: 64
trainable_parameters: 49665

[SUMMARY]
best_test_acc: 0.884606
best_test_adv: 0.384606
best_epoch: 8
best_epoch_train_acc: 0.893689
best_epoch_train_loss: 0.256783
best_epoch_test_loss: 0.279406
final_train_acc: 0.917617
final_test_acc: 0.876843
final_train_loss: 0.203159
final_test_loss: 0.317316
final_test_adv: 0.376843
max_overfit_gap_train_minus_test_acc: 0.040774
epoch_min_test_loss: 6
min_test_loss: 0.277450

[FINAL CONFUSION COUNTS]
TP: 22175
TN: 23797
FP: 2486
FN: 3971
precision: 0.899193
recall: 0.848122
specificity: 0.905414

[EPOCH-BY-EPOCH]
epoch	train_loss	train_acc	train_adv	test_loss	test_acc	test_adv	test_precision	test_recall	test_specificity
1	0.369886	0.834900	0.334900	0.314234	0.865704	0.365704	0.860404	0.872218	0.859225
2	0.299321	0.874487	0.374487	0.290289	0.878636	0.378636	0.906038	0.844183	0.912909
3	0.286459	0.879875	0.379875	0.285008	0.880982	0.380982	0.896977	0.860132	0.901724
4	0.279302	0.883261	0.383261	0.284205	0.880295	0.380295	0.917577	0.834965	0.925389
5	0.273231	0.885721	0.385721	0.291129	0.876709	0.376709	0.928130	0.815957	0.937146
6	0.267376	0.889145	0.389145	0.277450	0.883824	0.383824	0.901405	0.861241	0.906289
7	0.262206	0.890976	0.390976	0.280322	0.883194	0.383194	0.916223	0.842844	0.923334
8	0.256783	0.893689	0.393689	0.279406	0.884606	0.384606	0.918318	0.843647	0.925351
9	0.251482	0.895949	0.395949	0.285110	0.882164	0.382164	0.911779	0.845521	0.918617
10	0.245967	0.898400	0.398400	0.282893	0.884110	0.384110	0.912861	0.848619	0.919416
11	0.241531	0.900908	0.400908	0.285304	0.883976	0.383976	0.912904	0.848275	0.919492
12	0.236875	0.902267	0.402267	0.286480	0.883690	0.383690	0.904128	0.857722	0.909523
13	0.232978	0.905038	0.405038	0.293028	0.883824	0.383824	0.899391	0.863650	0.903892
14	0.228903	0.906177	0.406177	0.291198	0.881154	0.381154	0.898699	0.858449	0.903740
15	0.223949	0.907312	0.407312	0.300067	0.879837	0.379837	0.916548	0.835080	0.924362
16	0.220131	0.910378	0.410378	0.297176	0.881535	0.381535	0.904673	0.852253	0.910665
17	0.216411	0.911246	0.411246	0.305479	0.880982	0.380982	0.895431	0.862006	0.899859
18	0.211574	0.913711	0.413711	0.309409	0.878674	0.378674	0.902970	0.847816	0.909371
19	0.207424	0.915166	0.415166	0.315574	0.878293	0.378293	0.883295	0.871032	0.885515
20	0.203159	0.917617	0.417617	0.317316	0.876843	0.376843	0.899193	0.848122	0.905414
