=== TRAINING REPORT ===

[CONFIG]
data_path: ../Ciphers/Rectangle-64/rect64_R1_r5_s100.npz
model: mlp
batch_size: 128
lr: 0.001
epochs: 20
train_split: 0.8
split_seed: 1234
device: cpu

[DATASET METADATA]
key: 1512366075204170929049582354406559215
seed: 100
rounds: 5
delta: 1

[DATA SHAPES]
train_size: 52428
test_size: 13108
num_rows: 1
block_size: 64
trainable_parameters: 49665

[SUMMARY]
best_test_acc: 0.869240
best_test_adv: 0.369240
best_epoch: 6
best_epoch_train_acc: 0.887980
best_epoch_train_loss: 0.268449
best_epoch_test_loss: 0.314483
final_train_acc: 0.943618
final_test_acc: 0.852457
final_train_loss: 0.143996
final_test_loss: 0.444837
final_test_adv: 0.352457
max_overfit_gap_train_minus_test_acc: 0.091161
epoch_min_test_loss: 7
min_test_loss: 0.310560

[FINAL CONFUSION COUNTS]
TP: 5449
TN: 5725
FP: 900
FN: 1034
precision: 0.858245
recall: 0.840506
specificity: 0.864151

[EPOCH-BY-EPOCH]
epoch	train_loss	train_acc	train_adv	test_loss	test_acc	test_adv	test_precision	test_recall	test_specificity
1	0.465266	0.778706	0.278706	0.382987	0.834986	0.334986	0.889329	0.761067	0.907321
2	0.347659	0.849622	0.349622	0.347582	0.853448	0.353448	0.853973	0.848835	0.857962
3	0.314492	0.865396	0.365396	0.329063	0.860391	0.360391	0.897081	0.810736	0.908981
4	0.294298	0.876287	0.376287	0.316916	0.866646	0.366646	0.908965	0.811661	0.920453
5	0.278208	0.885176	0.385176	0.319273	0.866646	0.366646	0.907698	0.813050	0.919094
6	0.268449	0.887980	0.387980	0.314483	0.869240	0.369240	0.889306	0.840197	0.897660
7	0.258373	0.892653	0.392653	0.310560	0.869011	0.369011	0.894145	0.833873	0.903396
8	0.248928	0.896773	0.396773	0.314657	0.868630	0.368630	0.880089	0.850224	0.886642
9	0.240556	0.901541	0.401541	0.328446	0.864892	0.364892	0.918919	0.797162	0.931170
10	0.231895	0.905604	0.405604	0.327236	0.865349	0.365349	0.880361	0.842203	0.888000
11	0.222061	0.909380	0.409380	0.333653	0.864892	0.364892	0.884214	0.836341	0.892830
12	0.214089	0.913443	0.413443	0.337987	0.864281	0.364281	0.881570	0.838192	0.889811
13	0.204598	0.916857	0.416857	0.354589	0.864739	0.364739	0.891066	0.827703	0.900981
14	0.194288	0.921817	0.421817	0.379028	0.858789	0.358789	0.856637	0.858090	0.859472
15	0.186718	0.924010	0.424010	0.378770	0.857034	0.357034	0.875509	0.828783	0.884679
16	0.178284	0.928340	0.428340	0.392773	0.860391	0.360391	0.892261	0.816289	0.903547
17	0.169436	0.932307	0.432307	0.396469	0.852533	0.352533	0.881583	0.810736	0.893434
18	0.159820	0.936122	0.436122	0.417067	0.856576	0.356576	0.865028	0.841277	0.871547
19	0.151154	0.939841	0.439841	0.422931	0.851388	0.351388	0.884257	0.804874	0.896906
20	0.143996	0.943618	0.443618	0.444837	0.852457	0.352457	0.858245	0.840506	0.864151
