=== TRAINING REPORT ===

[CONFIG]
data_path: ../Ciphers/Gift-64/Database/gift64_R1_r5_s1106099994.npz
model: resnet
batch_size: 128
lr: 0.001
epochs: 20
train_split: 0.8
split_seed: 1234
device: cpu

[DATASET METADATA]
key: 74081035696864537650651937298042696891
seed: 1106099994
rounds: 5
delta: 1

[DATA SHAPES]
train_size: 52428
test_size: 13108
num_rows: 1
block_size: 64
trainable_parameters: 125121

[SUMMARY]
best_test_acc: 0.698123
best_test_adv: 0.198123
best_epoch: 12
best_epoch_train_acc: 0.705482
best_epoch_train_loss: 0.551405
best_epoch_test_loss: 0.561970
final_train_acc: 0.722667
final_test_acc: 0.685078
final_train_loss: 0.534237
final_test_loss: 0.575178
final_test_adv: 0.185078
max_overfit_gap_train_minus_test_acc: 0.041247
epoch_min_test_loss: 10
min_test_loss: 0.560457

[FINAL CONFUSION COUNTS]
TP: 4484
TN: 4496
FP: 2109
FN: 2019
precision: 0.680115
recall: 0.689528
specificity: 0.680696

[EPOCH-BY-EPOCH]
epoch	train_loss	train_acc	train_adv	test_loss	test_acc	test_adv	test_precision	test_recall	test_specificity
1	0.620880	0.640021	0.140021	0.707242	0.601007	0.101007	0.865594	0.231739	0.964572
2	0.596630	0.663844	0.163844	0.631952	0.622597	0.122597	0.582415	0.845456	0.403179
3	0.568085	0.691730	0.191730	0.564045	0.692630	0.192630	0.697920	0.670767	0.714156
4	0.564609	0.696269	0.196269	0.570055	0.680348	0.180348	0.662453	0.725204	0.636185
5	0.560710	0.701209	0.201209	0.563090	0.690723	0.190723	0.684830	0.697678	0.683876
6	0.559534	0.700771	0.200771	0.577212	0.697818	0.197818	0.809396	0.511302	0.881453
7	0.557758	0.702869	0.202869	0.570122	0.682103	0.182103	0.662177	0.733354	0.631643
8	0.556693	0.704662	0.204662	0.564917	0.694767	0.194767	0.712322	0.645394	0.743376
9	0.554822	0.705024	0.205024	0.565409	0.697513	0.197513	0.741347	0.599416	0.794095
10	0.554151	0.705844	0.205844	0.560457	0.696674	0.196674	0.707165	0.663232	0.729599
11	0.552396	0.707198	0.207198	0.573806	0.681340	0.181340	0.661259	0.733354	0.630129
12	0.551405	0.705482	0.205482	0.561970	0.698123	0.198123	0.707667	0.667077	0.728690
13	0.549461	0.709525	0.209525	0.564735	0.695072	0.195072	0.701836	0.669998	0.719758
14	0.547802	0.711814	0.211814	0.566640	0.688358	0.188358	0.680717	0.700292	0.676609
15	0.545972	0.711643	0.211643	0.569671	0.684773	0.184773	0.676650	0.698293	0.671461
16	0.544325	0.713283	0.213283	0.565710	0.696063	0.196063	0.704298	0.667692	0.723997
17	0.541760	0.715934	0.215934	0.568810	0.692707	0.192707	0.708509	0.646625	0.738077
18	0.539288	0.716049	0.216049	0.568474	0.695682	0.195682	0.721381	0.629863	0.760484
19	0.536752	0.721942	0.221942	0.571510	0.691486	0.191486	0.700473	0.660618	0.721877
20	0.534237	0.722667	0.222667	0.575178	0.685078	0.185078	0.680115	0.689528	0.680696
