=== TRAINING REPORT ===

[CONFIG]
data_path: ../Ciphers/Gift-64/gift64_R1_r9_s4134458947.npz
model: mlp
batch_size: 128
lr: 0.001
epochs: 20
train_split: 0.8
split_seed: 1234
device: cpu

[DATASET METADATA]
key: 209300457345789459962161363076628728873
seed: 4134458947
rounds: 9
delta: 1

[DATA SHAPES]
train_size: 52428
test_size: 13108
num_rows: 1
block_size: 64
trainable_parameters: 49665

[SUMMARY]
best_test_acc: 0.509994
best_test_adv: 0.009994
best_epoch: 18
best_epoch_train_acc: 0.769570
best_epoch_train_loss: 0.479192
best_epoch_test_loss: 0.903064
final_train_acc: 0.798066
final_test_acc: 0.508392
final_train_loss: 0.438642
final_test_loss: 0.984004
final_test_adv: 0.008392
max_overfit_gap_train_minus_test_acc: 0.289674
epoch_min_test_loss: 1
min_test_loss: 0.693205

[FINAL CONFUSION COUNTS]
TP: 3044
TN: 3620
FP: 2992
FN: 3452
precision: 0.504307
recall: 0.468596
specificity: 0.547489

[EPOCH-BY-EPOCH]
epoch	train_loss	train_acc	train_adv	test_loss	test_acc	test_adv	test_precision	test_recall	test_specificity
1	0.693497	0.503204	0.003204	0.693205	0.502441	0.002441	0.498007	0.500000	0.504840
2	0.693131	0.507649	0.007649	0.693448	0.503128	0.003128	0.373134	0.003849	0.993648
3	0.692636	0.511902	0.011902	0.693224	0.501907	0.001907	0.493532	0.193812	0.804598
4	0.691564	0.522526	0.022526	0.693636	0.503509	0.003509	0.499110	0.518165	0.489111
5	0.689092	0.535172	0.035172	0.695571	0.498474	-0.001526	0.493648	0.466595	0.529794
6	0.684226	0.552491	0.052491	0.699916	0.506332	0.006332	0.502731	0.354218	0.655777
7	0.676885	0.569562	0.069562	0.706116	0.503280	0.003280	0.498349	0.348522	0.655324
8	0.666698	0.591211	0.091211	0.711860	0.498398	-0.001602	0.494266	0.524169	0.473079
9	0.655640	0.607748	0.107748	0.721063	0.501678	0.001678	0.496759	0.424723	0.577284
10	0.641509	0.625734	0.125734	0.741855	0.499542	-0.000458	0.495576	0.551878	0.448125
11	0.623934	0.647688	0.147688	0.755220	0.500687	0.000687	0.496863	0.597445	0.405626
12	0.606199	0.665885	0.165885	0.775090	0.502823	0.002823	0.498541	0.552186	0.454325
13	0.586107	0.684730	0.184730	0.771128	0.506561	0.006561	0.502138	0.506158	0.506957
14	0.564233	0.705329	0.205329	0.801308	0.505951	0.005951	0.501418	0.544335	0.468240
15	0.544156	0.720722	0.220722	0.840048	0.505569	0.005569	0.501206	0.479680	0.531004
16	0.522061	0.738937	0.238937	0.842909	0.506179	0.006179	0.501572	0.564963	0.448427
17	0.499562	0.752651	0.252651	0.898583	0.506027	0.006027	0.502027	0.400246	0.609952
18	0.479192	0.769570	0.269570	0.903064	0.509994	0.009994	0.505711	0.497537	0.522232
19	0.457829	0.780709	0.280709	0.945581	0.503433	0.003433	0.499099	0.554341	0.453418
20	0.438642	0.798066	0.298066	0.984004	0.508392	0.008392	0.504307	0.468596	0.547489
