=== TRAINING REPORT ===

[CONFIG]
data_path: ../Ciphers/Gift-64/Database/gift64_R2_r6_s244849399.npz
model: conv
batch_size: 128
lr: 0.001
epochs: 20
train_split: 0.8
split_seed: 1234
device: cpu

[DATASET METADATA]
key: 294574798785990274741405422527746433708
seed: 244849399
rounds: 6
deltas: [0, 1, 2, 16, 4294967297, 65544, 51, 3855]
use_differences: 1
include_base_row: 0

[DATA SHAPES]
train_size: 52428
test_size: 13108
num_rows: 7
block_size: 64
trainable_parameters: 14081

[SUMMARY]
best_test_acc: 0.603982
best_test_adv: 0.103982
best_epoch: 8
best_epoch_train_acc: 0.613546
best_epoch_train_loss: 0.649641
best_epoch_test_loss: 0.656610
final_train_acc: 0.635805
final_test_acc: 0.586207
final_train_loss: 0.633550
final_test_loss: 0.665407
final_test_adv: 0.086207
max_overfit_gap_train_minus_test_acc: 0.049598
epoch_min_test_loss: 8
min_test_loss: 0.656610

[FINAL CONFUSION COUNTS]
TP: 4731
TN: 2953
FP: 3507
FN: 1917
precision: 0.574290
recall: 0.711643
specificity: 0.457121

[EPOCH-BY-EPOCH]
epoch	train_loss	train_acc	train_adv	test_loss	test_acc	test_adv	test_precision	test_recall	test_specificity
1	0.672556	0.574674	0.074674	0.666971	0.582087	0.082087	0.574770	0.676444	0.484985
2	0.663876	0.591993	0.091993	0.666585	0.593226	0.093226	0.633414	0.469916	0.720124
3	0.660111	0.598325	0.098325	0.660915	0.593836	0.093836	0.606705	0.566185	0.622291
4	0.657491	0.603189	0.103189	0.658293	0.596887	0.096887	0.607199	0.581077	0.613158
5	0.654884	0.606298	0.106298	0.658702	0.597727	0.097727	0.611916	0.565433	0.630960
6	0.652943	0.606966	0.106966	0.665040	0.584147	0.084147	0.570321	0.730144	0.433901
7	0.651637	0.611295	0.111295	0.662103	0.589716	0.089716	0.579059	0.699609	0.476625
8	0.649641	0.613546	0.113546	0.656610	0.603982	0.103982	0.618282	0.572804	0.636068
9	0.647952	0.615644	0.115644	0.658276	0.600549	0.100549	0.623816	0.535048	0.667957
10	0.646897	0.617151	0.117151	0.674057	0.572933	0.072933	0.555626	0.788809	0.350774
11	0.645324	0.619001	0.119001	0.664465	0.600931	0.100931	0.660113	0.439380	0.767183
12	0.643545	0.623484	0.123484	0.673939	0.592844	0.092844	0.669161	0.390042	0.801548
13	0.642571	0.623331	0.123331	0.667261	0.598566	0.098566	0.669272	0.412154	0.790402
14	0.640967	0.626020	0.126020	0.660303	0.603601	0.103601	0.643082	0.490824	0.719659
15	0.639833	0.629339	0.129339	0.659661	0.601922	0.101922	0.621806	0.549037	0.656347
16	0.638522	0.628882	0.128882	0.659683	0.599634	0.099634	0.618604	0.549188	0.651548
17	0.637300	0.631075	0.131075	0.660969	0.596277	0.096277	0.602386	0.600030	0.592415
18	0.636013	0.634260	0.134260	0.662964	0.590861	0.090861	0.583043	0.678550	0.500619
19	0.633984	0.634928	0.134928	0.660818	0.600931	0.100931	0.622982	0.539862	0.663777
20	0.633550	0.635805	0.135805	0.665407	0.586207	0.086207	0.574290	0.711643	0.457121
