=== TRAINING REPORT ===

[CONFIG]
data_path: ../Ciphers/Gift-64/Database/gift64_R1_r6_s244849399.npz
model: resnet
batch_size: 128
lr: 0.001
epochs: 20
train_split: 0.8
split_seed: 1234
device: cpu

[DATASET METADATA]
key: 294574798785990274741405422527746433708
seed: 244849399
rounds: 6
delta: 1

[DATA SHAPES]
train_size: 52428
test_size: 13108
num_rows: 1
block_size: 64
trainable_parameters: 125121

[SUMMARY]
best_test_acc: 0.563320
best_test_adv: 0.063320
best_epoch: 16
best_epoch_train_acc: 0.582437
best_epoch_train_loss: 0.665836
best_epoch_test_loss: 0.679847
final_train_acc: 0.594759
final_test_acc: 0.553708
final_train_loss: 0.659489
final_test_loss: 0.684272
final_test_adv: 0.053708
max_overfit_gap_train_minus_test_acc: 0.041051
epoch_min_test_loss: 15
min_test_loss: 0.675820

[FINAL CONFUSION COUNTS]
TP: 2766
TN: 4492
FP: 1968
FN: 3882
precision: 0.584284
recall: 0.416065
specificity: 0.695356

[EPOCH-BY-EPOCH]
epoch	train_loss	train_acc	train_adv	test_loss	test_acc	test_adv	test_precision	test_recall	test_specificity
1	0.688926	0.533474	0.033474	0.685843	0.539670	0.039670	0.560889	0.425391	0.657276
2	0.685519	0.544442	0.044442	0.683888	0.546689	0.046689	0.544831	0.645307	0.445201
3	0.684743	0.547341	0.047341	0.685104	0.547605	0.047605	0.578590	0.397563	0.702012
4	0.683425	0.550565	0.050565	0.682534	0.545697	0.045697	0.545864	0.620337	0.468885
5	0.682940	0.549992	0.049992	0.682729	0.549512	0.049512	0.576931	0.419073	0.683746
6	0.681871	0.553063	0.053063	0.689638	0.532652	0.032652	0.527778	0.745939	0.313158
7	0.681844	0.551938	0.051938	0.682534	0.551953	0.051953	0.580145	0.421931	0.685759
8	0.678904	0.556229	0.056229	0.691287	0.520522	0.020522	0.515109	0.930806	0.098297
9	0.675905	0.562581	0.062581	0.677607	0.560803	0.060803	0.583505	0.468261	0.656037
10	0.673826	0.565633	0.065633	0.686977	0.554852	0.054852	0.654036	0.259627	0.858669
11	0.672236	0.568685	0.068685	0.677022	0.558361	0.058361	0.563134	0.576264	0.539938
12	0.670929	0.571202	0.071202	0.676082	0.557980	0.057980	0.567329	0.541215	0.575232
13	0.669072	0.576638	0.076638	0.678527	0.560040	0.060040	0.577649	0.492930	0.629102
14	0.668896	0.579156	0.079156	0.682918	0.562786	0.062786	0.623752	0.347623	0.784211
15	0.667241	0.582628	0.082628	0.675820	0.563244	0.063244	0.581783	0.493833	0.634675
16	0.665836	0.582437	0.082437	0.679847	0.563320	0.063320	0.591340	0.449910	0.680031
17	0.664382	0.584897	0.084897	0.679836	0.551572	0.051572	0.550845	0.627407	0.473529
18	0.662740	0.587472	0.087472	0.679651	0.554471	0.054471	0.554654	0.616727	0.490402
19	0.661085	0.592813	0.092813	0.685296	0.562099	0.062099	0.608821	0.382070	0.747368
20	0.659489	0.594759	0.094759	0.684272	0.553708	0.053708	0.584284	0.416065	0.695356
