=== TRAINING REPORT ===

[CONFIG]
data_path: ../Ciphers/Gift-64/gift64_R1_r4_s2766380892.npz
model: mlp
batch_size: 128
lr: 0.001
epochs: 20
train_split: 0.8
split_seed: 1234
device: cpu

[DATASET METADATA]
key: 220182514974358222451347155649029052340
seed: 2766380892
rounds: 4
delta: 1

[DATA SHAPES]
train_size: 52428
test_size: 13108
num_rows: 1
block_size: 64
trainable_parameters: 49665

[SUMMARY]
best_test_acc: 0.936375
best_test_adv: 0.436375
best_epoch: 10
best_epoch_train_acc: 0.962673
best_epoch_train_loss: 0.103874
best_epoch_test_loss: 0.180436
final_train_acc: 0.984112
final_test_acc: 0.930806
final_train_loss: 0.043663
final_test_loss: 0.299798
final_test_adv: 0.430806
max_overfit_gap_train_minus_test_acc: 0.056605
epoch_min_test_loss: 6
min_test_loss: 0.172547

[FINAL CONFUSION COUNTS]
TP: 6034
TN: 6167
FP: 370
FN: 537
precision: 0.942224
recall: 0.918277
specificity: 0.943399

[EPOCH-BY-EPOCH]
epoch	train_loss	train_acc	train_adv	test_loss	test_acc	test_adv	test_precision	test_recall	test_specificity
1	0.304604	0.873045	0.373045	0.236600	0.907003	0.407003	0.929121	0.881753	0.932385
2	0.220837	0.915255	0.415255	0.214531	0.914632	0.414632	0.950579	0.875209	0.954260
3	0.193532	0.927367	0.427367	0.197769	0.923482	0.423482	0.952683	0.891645	0.955484
4	0.171876	0.935855	0.435855	0.186090	0.928517	0.428517	0.954942	0.899863	0.957320
5	0.155010	0.942760	0.442760	0.176991	0.932789	0.432789	0.957102	0.906559	0.959156
6	0.141655	0.948501	0.448501	0.172547	0.934010	0.434010	0.951139	0.915386	0.952731
7	0.129518	0.952506	0.452506	0.174976	0.933857	0.433857	0.937826	0.929691	0.938045
8	0.118959	0.956359	0.456359	0.177779	0.934849	0.434849	0.967610	0.900167	0.969711
9	0.111675	0.959983	0.459983	0.180675	0.933552	0.433552	0.934849	0.932430	0.934680
10	0.103874	0.962673	0.462673	0.180436	0.936375	0.436375	0.966347	0.904581	0.968334
11	0.095786	0.965629	0.465629	0.182735	0.935230	0.435230	0.946056	0.923452	0.947071
12	0.089022	0.968357	0.468357	0.196881	0.931034	0.431034	0.940326	0.920864	0.941257
13	0.082373	0.970970	0.470970	0.215745	0.931797	0.431797	0.930402	0.933800	0.929784
14	0.075548	0.973316	0.473316	0.214465	0.934620	0.434620	0.944738	0.923604	0.945694
15	0.068669	0.975662	0.475662	0.225133	0.934162	0.434162	0.960323	0.906103	0.962368
16	0.064384	0.977016	0.477016	0.238387	0.932255	0.432255	0.938977	0.924973	0.939575
17	0.059219	0.979057	0.479057	0.240029	0.933094	0.433094	0.951905	0.912646	0.953648
18	0.053296	0.980697	0.480697	0.260162	0.930272	0.430272	0.930583	0.930300	0.930243
19	0.048742	0.982528	0.482528	0.277022	0.925923	0.425923	0.922450	0.930452	0.921371
20	0.043663	0.984112	0.484112	0.299798	0.930806	0.430806	0.942224	0.918277	0.943399
