=== TRAINING REPORT ===

[CONFIG]
data_path: ../Ciphers/Gift-64/Database/gift64_R2_r6_s244849399.npz
model: resnet
batch_size: 128
lr: 0.001
epochs: 20
train_split: 0.8
split_seed: 1234
device: cpu

[DATASET METADATA]
key: 294574798785990274741405422527746433708
seed: 244849399
rounds: 6
deltas: [0, 1, 2, 16, 4294967297, 65544, 51, 3855]
use_differences: 1
include_base_row: 0

[DATA SHAPES]
train_size: 52428
test_size: 13108
num_rows: 7
block_size: 64
trainable_parameters: 125505

[SUMMARY]
best_test_acc: 0.614968
best_test_adv: 0.114968
best_epoch: 3
best_epoch_train_acc: 0.622587
best_epoch_train_loss: 0.644769
best_epoch_test_loss: 0.647381
final_train_acc: 0.908045
final_test_acc: 0.562176
final_train_loss: 0.222286
final_test_loss: 1.483312
final_test_adv: 0.062176
max_overfit_gap_train_minus_test_acc: 0.345870
epoch_min_test_loss: 3
min_test_loss: 0.647381

[FINAL CONFUSION COUNTS]
TP: 4256
TN: 3113
FP: 3347
FN: 2392
precision: 0.559779
recall: 0.640193
specificity: 0.481889

[EPOCH-BY-EPOCH]
epoch	train_loss	train_acc	train_adv	test_loss	test_acc	test_adv	test_precision	test_recall	test_specificity
1	0.662702	0.594530	0.094530	0.666653	0.595514	0.095514	0.704063	0.349278	0.848916
2	0.648796	0.617742	0.117742	0.649035	0.614434	0.114434	0.644280	0.535349	0.695820
3	0.644769	0.622587	0.122587	0.647381	0.614968	0.114968	0.623591	0.607551	0.622601
4	0.640443	0.629053	0.129053	0.658410	0.598947	0.098947	0.585056	0.719615	0.474768
5	0.634480	0.637102	0.137102	0.670617	0.604669	0.104669	0.690885	0.399067	0.816254
6	0.628231	0.642309	0.142309	0.657053	0.608865	0.108865	0.630782	0.551745	0.667647
7	0.620167	0.651522	0.151522	0.669081	0.609704	0.109704	0.645517	0.511131	0.711146
8	0.607453	0.664969	0.164969	0.727507	0.579799	0.079799	0.709713	0.290162	0.877864
9	0.592820	0.679217	0.179217	0.691039	0.595896	0.095896	0.619748	0.525872	0.667957
10	0.574798	0.697395	0.197395	0.748024	0.582698	0.082698	0.657234	0.370337	0.801238
11	0.550097	0.713989	0.213989	0.724009	0.579646	0.079646	0.594992	0.536101	0.624458
12	0.521165	0.738689	0.238689	0.768722	0.581553	0.081553	0.586366	0.593863	0.568885
13	0.486101	0.764763	0.264763	0.839348	0.564846	0.064846	0.554973	0.716757	0.408514
14	0.452405	0.785954	0.285954	1.105537	0.552792	0.052792	0.655091	0.249699	0.864706
15	0.409948	0.811322	0.311322	0.925894	0.561947	0.061947	0.570233	0.553249	0.570898
16	0.372585	0.830377	0.330377	1.060579	0.553326	0.053326	0.589645	0.392298	0.719040
17	0.329806	0.855516	0.355516	1.220761	0.568966	0.068966	0.625188	0.374850	0.768731
18	0.292322	0.874704	0.374704	1.374611	0.544324	0.044324	0.534569	0.785048	0.296594
19	0.256085	0.892901	0.392901	1.464554	0.555920	0.055920	0.610591	0.343412	0.774613
20	0.222286	0.908045	0.408045	1.483312	0.562176	0.062176	0.559779	0.640193	0.481889
