=== TRAINING REPORT ===

[CONFIG]
data_path: ../Ciphers/Gift-64/gift64_R1_r5_s1106099994.npz
model: mlp
batch_size: 128
lr: 0.001
epochs: 20
train_split: 0.8
split_seed: 1234
device: cpu

[DATASET METADATA]
key: 74081035696864537650651937298042696891
seed: 1106099994
rounds: 5
delta: 1

[DATA SHAPES]
train_size: 52428
test_size: 13108
num_rows: 1
block_size: 64
trainable_parameters: 49665

[SUMMARY]
best_test_acc: 0.763732
best_test_adv: 0.263732
best_epoch: 7
best_epoch_train_acc: 0.793164
best_epoch_train_loss: 0.433460
best_epoch_test_loss: 0.487823
final_train_acc: 0.874895
final_test_acc: 0.736192
final_train_loss: 0.287967
final_test_loss: 0.636846
final_test_adv: 0.236192
max_overfit_gap_train_minus_test_acc: 0.138703
epoch_min_test_loss: 5
min_test_loss: 0.485619

[FINAL CONFUSION COUNTS]
TP: 4374
TN: 5276
FP: 1329
FN: 2129
precision: 0.766965
recall: 0.672613
specificity: 0.798789

[EPOCH-BY-EPOCH]
epoch	train_loss	train_acc	train_adv	test_loss	test_acc	test_adv	test_precision	test_recall	test_specificity
1	0.582017	0.682174	0.182174	0.541569	0.717501	0.217501	0.748403	0.648624	0.785314
2	0.519291	0.734989	0.234989	0.516439	0.736497	0.236497	0.840518	0.578656	0.891900
3	0.490465	0.756619	0.256619	0.509912	0.747254	0.247254	0.867681	0.578810	0.913096
4	0.470570	0.770180	0.270180	0.493785	0.753204	0.253204	0.789408	0.685376	0.819985
5	0.456126	0.780423	0.280423	0.485619	0.761367	0.261367	0.800107	0.691835	0.829826
6	0.442599	0.788815	0.288815	0.486743	0.760528	0.260528	0.818561	0.664616	0.854958
7	0.433460	0.793164	0.293164	0.487823	0.763732	0.263732	0.818675	0.672766	0.853293
8	0.421363	0.799458	0.299458	0.495396	0.759612	0.259612	0.796113	0.692911	0.825284
9	0.411246	0.807336	0.307336	0.503073	0.758926	0.258926	0.783738	0.709980	0.807116
10	0.400489	0.813897	0.313897	0.501450	0.758239	0.258239	0.815361	0.662771	0.852233
11	0.390580	0.817769	0.317769	0.514768	0.755798	0.255798	0.767498	0.728433	0.782740
12	0.378652	0.826619	0.326619	0.517914	0.754348	0.254348	0.795287	0.679840	0.827706
13	0.367438	0.832513	0.332513	0.539311	0.752670	0.252670	0.782142	0.695064	0.809387
14	0.356647	0.838121	0.338121	0.541201	0.754577	0.254577	0.811410	0.658312	0.849357
15	0.343793	0.843671	0.343671	0.561435	0.749771	0.249771	0.779920	0.690451	0.808176
16	0.332322	0.850080	0.350080	0.589136	0.744660	0.244660	0.751354	0.725358	0.763664
17	0.320477	0.857939	0.357939	0.597756	0.740159	0.240159	0.745210	0.723666	0.756397
18	0.309221	0.862631	0.362631	0.608444	0.744889	0.244889	0.810010	0.634630	0.853444
19	0.298602	0.867552	0.367552	0.632148	0.739014	0.239014	0.745774	0.719053	0.758668
20	0.287967	0.874895	0.374895	0.636846	0.736192	0.236192	0.766965	0.672613	0.798789
