=== TRAINING REPORT ===

[CONFIG]
data_path: ../Ciphers/Gift-64/gift64_R1_r8_s3111051396.npz
model: mlp
batch_size: 128
lr: 0.001
epochs: 20
train_split: 0.8
split_seed: 1234
device: cpu

[DATASET METADATA]
key: 276390569973383337144205707601704988933
seed: 3111051396
rounds: 8
delta: 1

[DATA SHAPES]
train_size: 52428
test_size: 13108
num_rows: 1
block_size: 64
trainable_parameters: 49665

[SUMMARY]
best_test_acc: 0.506103
best_test_adv: 0.006103
best_epoch: 19
best_epoch_train_acc: 0.797055
best_epoch_train_loss: 0.437265
best_epoch_test_loss: 0.966578
final_train_acc: 0.810292
final_test_acc: 0.500992
final_train_loss: 0.415713
final_test_loss: 1.015611
final_test_adv: 0.000992
max_overfit_gap_train_minus_test_acc: 0.309300
epoch_min_test_loss: 1
min_test_loss: 0.693166

[FINAL CONFUSION COUNTS]
TP: 3140
TN: 3427
FP: 3166
FN: 3375
precision: 0.497938
recall: 0.481965
specificity: 0.519794

[EPOCH-BY-EPOCH]
epoch	train_loss	train_acc	train_adv	test_loss	test_acc	test_adv	test_precision	test_recall	test_specificity
1	0.693597	0.500896	0.000896	0.693166	0.505645	0.005645	0.507740	0.176209	0.831185
2	0.692867	0.509480	0.009480	0.693380	0.505264	0.005264	0.502588	0.447122	0.562718
3	0.692363	0.516403	0.016403	0.693954	0.499542	-0.000458	0.495030	0.343975	0.653269
4	0.690967	0.524453	0.024453	0.694215	0.497254	-0.002746	0.494926	0.561474	0.433793
5	0.688005	0.538701	0.038701	0.697531	0.497025	-0.002975	0.492008	0.368534	0.623995
6	0.682926	0.556115	0.056115	0.702113	0.496872	-0.003128	0.492711	0.415042	0.577734
7	0.674638	0.575265	0.075265	0.712794	0.496872	-0.003128	0.495313	0.648810	0.346731
8	0.664804	0.592432	0.092432	0.715929	0.498474	-0.001526	0.496444	0.632080	0.366449
9	0.651313	0.611849	0.111849	0.722764	0.498169	-0.001831	0.495287	0.508058	0.488397
10	0.636340	0.632620	0.132620	0.744035	0.499008	-0.000992	0.495370	0.427015	0.570150
11	0.618046	0.654211	0.154211	0.763576	0.496948	-0.003052	0.493719	0.476592	0.517064
12	0.596425	0.675994	0.175994	0.784779	0.497025	-0.002975	0.495115	0.606754	0.388594
13	0.573989	0.696117	0.196117	0.807098	0.504272	0.004272	0.501222	0.535226	0.473684
14	0.551217	0.714561	0.214561	0.817630	0.500610	0.000610	0.497936	0.573906	0.428181
15	0.529359	0.731270	0.231270	0.845122	0.499390	-0.000610	0.495978	0.444820	0.553314
16	0.503823	0.753529	0.253529	0.863690	0.504348	0.004348	0.501448	0.478434	0.529956
17	0.480826	0.768006	0.268006	0.921524	0.496186	-0.003814	0.493951	0.557790	0.435310
18	0.459354	0.784962	0.284962	0.926486	0.504577	0.004577	0.501622	0.498388	0.510693
19	0.437265	0.797055	0.297055	0.966578	0.506103	0.006103	0.503582	0.442364	0.569088
20	0.415713	0.810292	0.310292	1.015611	0.500992	0.000992	0.497938	0.481965	0.519794
