=== TRAINING REPORT ===

[CONFIG]
data_path: ../Ciphers/Gift-64/Database/gift64_R1_r6_s244849399.npz
model: conv
batch_size: 128
lr: 0.001
epochs: 20
train_split: 0.8
split_seed: 1234
device: cpu

[DATASET METADATA]
key: 294574798785990274741405422527746433708
seed: 244849399
rounds: 6
delta: 1

[DATA SHAPES]
train_size: 52428
test_size: 13108
num_rows: 1
block_size: 64
trainable_parameters: 12929

[SUMMARY]
best_test_acc: 0.547223
best_test_adv: 0.047223
best_epoch: 20
best_epoch_train_acc: 0.543393
best_epoch_train_loss: 0.685222
best_epoch_test_loss: 0.684400
final_train_acc: 0.543393
final_test_acc: 0.547223
final_train_loss: 0.685222
final_test_loss: 0.684400
final_test_adv: 0.047223
max_overfit_gap_train_minus_test_acc: 0.009005
epoch_min_test_loss: 18
min_test_loss: 0.684282

[FINAL CONFUSION COUNTS]
TP: 3696
TN: 3477
FP: 2983
FN: 2952
precision: 0.553376
recall: 0.555957
specificity: 0.538235

[EPOCH-BY-EPOCH]
epoch	train_loss	train_acc	train_adv	test_loss	test_acc	test_adv	test_precision	test_recall	test_specificity
1	0.688303	0.532235	0.032235	0.687374	0.536085	0.036085	0.560025	0.397864	0.678328
2	0.687490	0.535649	0.035649	0.687266	0.537839	0.037839	0.570982	0.356949	0.723994
3	0.686766	0.537404	0.037404	0.685539	0.533796	0.033796	0.534552	0.624850	0.440093
4	0.686342	0.538396	0.038396	0.687923	0.540281	0.040281	0.589625	0.307762	0.779567
5	0.686033	0.540322	0.040322	0.685293	0.541273	0.041273	0.545106	0.577166	0.504334
6	0.685967	0.539387	0.039387	0.687724	0.539213	0.039213	0.579373	0.333785	0.750619
7	0.685703	0.541409	0.041409	0.686525	0.539289	0.039289	0.570210	0.371992	0.711455
8	0.685524	0.541199	0.041199	0.685405	0.537000	0.037000	0.532401	0.715554	0.353251
9	0.685891	0.539502	0.039502	0.684605	0.540204	0.040204	0.541650	0.607401	0.471053
10	0.685539	0.543431	0.043431	0.688003	0.540815	0.040815	0.585115	0.325211	0.762693
11	0.685687	0.543240	0.043240	0.684589	0.544706	0.044706	0.555939	0.508273	0.582198
12	0.685571	0.543412	0.043412	0.685582	0.534406	0.034406	0.530948	0.703219	0.360681
13	0.685427	0.543908	0.043908	0.684793	0.536161	0.036161	0.535625	0.642298	0.426935
14	0.685361	0.543030	0.043030	0.684754	0.542569	0.042569	0.550200	0.537455	0.547833
15	0.685199	0.544652	0.044652	0.686426	0.540357	0.040357	0.569671	0.383123	0.702167
16	0.685501	0.543336	0.043336	0.684622	0.543027	0.043027	0.551681	0.528279	0.558204
17	0.685213	0.543126	0.043126	0.684878	0.543714	0.043714	0.549709	0.554753	0.532353
18	0.685177	0.544728	0.044728	0.684282	0.544324	0.044324	0.547582	0.584236	0.503251
19	0.685314	0.540608	0.040608	0.686461	0.539518	0.039518	0.567909	0.384928	0.698607
20	0.685222	0.543393	0.043393	0.684400	0.547223	0.047223	0.553376	0.555957	0.538235
