=== TRAINING REPORT ===

[CONFIG]
data_path: ../Ciphers/Gift-64/gift64_R2_r7_s3450455268.npz
model: mlp
batch_size: 128
lr: 0.001
epochs: 20
train_split: 0.8
split_seed: 1234
device: cpu

[DATASET METADATA]
key: 137320651592360843192375037650057994659
seed: 3450455268
rounds: 7
deltas: [0, 1, 2, 16, 4294967297, 65544, 51, 3855]
use_differences: 1
include_base_row: 0

[DATA SHAPES]
train_size: 52428
test_size: 13108
num_rows: 7
block_size: 64
trainable_parameters: 147969

[SUMMARY]
best_test_acc: 0.507171
best_test_adv: 0.007171
best_epoch: 8
best_epoch_train_acc: 0.541123
best_epoch_train_loss: 0.686171
best_epoch_test_loss: 0.696962
final_train_acc: 0.620680
final_test_acc: 0.503128
final_train_loss: 0.637032
final_test_loss: 0.752785
final_test_adv: 0.003128
max_overfit_gap_train_minus_test_acc: 0.117552
epoch_min_test_loss: 1
min_test_loss: 0.693189

[FINAL CONFUSION COUNTS]
TP: 3072
TN: 3523
FP: 3044
FN: 3469
precision: 0.502289
recall: 0.469653
specificity: 0.536470

[EPOCH-BY-EPOCH]
epoch	train_loss	train_acc	train_adv	test_loss	test_acc	test_adv	test_precision	test_recall	test_specificity
1	0.693589	0.502079	0.002079	0.693189	0.499847	-0.000153	0.499426	0.998013	0.003655
2	0.692838	0.508602	0.008602	0.695049	0.498398	-0.001602	0.498654	0.963003	0.035633
3	0.691752	0.522869	0.022869	0.694197	0.503052	0.003052	0.501442	0.717627	0.289325
4	0.690504	0.528897	0.028897	0.695256	0.506485	0.006485	0.509740	0.288029	0.724075
5	0.689717	0.532006	0.032006	0.694820	0.501526	0.001526	0.501282	0.209295	0.792599
6	0.688714	0.532673	0.032673	0.698503	0.504425	0.004425	0.503069	0.563828	0.445257
7	0.687333	0.538510	0.038510	0.695504	0.502823	0.002823	0.503407	0.271059	0.733668
8	0.686171	0.541123	0.041123	0.696962	0.507171	0.007171	0.505414	0.578046	0.436577
9	0.684013	0.549840	0.049840	0.698259	0.503052	0.003052	0.502040	0.507873	0.498249
10	0.681617	0.555982	0.055982	0.703755	0.502136	0.002136	0.501310	0.438924	0.565098
11	0.678140	0.563058	0.063058	0.709708	0.503204	0.003204	0.502311	0.481884	0.524440
12	0.675380	0.567140	0.067140	0.713003	0.504577	0.004577	0.504137	0.437854	0.571037
13	0.672284	0.569200	0.069200	0.707019	0.505340	0.005340	0.506859	0.321969	0.687985
14	0.667136	0.577878	0.077878	0.716431	0.500915	0.000915	0.499879	0.315701	0.685397
15	0.663619	0.583867	0.083867	0.714350	0.502670	0.002670	0.501782	0.473628	0.531597
16	0.658044	0.594034	0.094034	0.721211	0.499771	-0.000229	0.498324	0.363706	0.635298
17	0.654133	0.599298	0.099298	0.729267	0.499771	-0.000229	0.498693	0.466748	0.532663
18	0.647910	0.605516	0.105516	0.732799	0.497864	-0.002136	0.496828	0.490904	0.504797
19	0.643386	0.612669	0.112669	0.739481	0.499847	-0.000153	0.498913	0.526372	0.473428
20	0.637032	0.620680	0.120680	0.752785	0.503128	0.003128	0.502289	0.469653	0.536470
