=== TRAINING REPORT ===

[CONFIG]
data_path: ../Ciphers/Gift-64/gift64_R2_r4_s2766380892.npz
model: mlp
batch_size: 128
lr: 0.001
epochs: 20
train_split: 0.8
split_seed: 1234
device: cpu

[DATASET METADATA]
key: 220182514974358222451347155649029052340
seed: 2766380892
rounds: 4
deltas: [0, 1, 2, 16, 4294967297, 65544, 51, 3855]
use_differences: 1
include_base_row: 0

[DATA SHAPES]
train_size: 52428
test_size: 13108
num_rows: 7
block_size: 64
trainable_parameters: 147969

[SUMMARY]
best_test_acc: 0.986344
best_test_adv: 0.486344
best_epoch: 11
best_epoch_train_acc: 0.996433
best_epoch_train_loss: 0.010128
best_epoch_test_loss: 0.060412
final_train_acc: 0.998894
final_test_acc: 0.985200
final_train_loss: 0.003466
final_test_loss: 0.072580
final_test_adv: 0.485200
max_overfit_gap_train_minus_test_acc: 0.024489
epoch_min_test_loss: 7
min_test_loss: 0.055202

[FINAL CONFUSION COUNTS]
TP: 6409
TN: 6505
FP: 32
FN: 162
precision: 0.995032
recall: 0.975346
specificity: 0.995105

[EPOCH-BY-EPOCH]
epoch	train_loss	train_acc	train_adv	test_loss	test_acc	test_adv	test_precision	test_recall	test_specificity
1	0.168045	0.931945	0.431945	0.098768	0.962618	0.462618	0.992548	0.932430	0.992963
2	0.053893	0.980812	0.480812	0.061973	0.977571	0.477571	0.997306	0.957845	0.997399
3	0.024877	0.991760	0.491760	0.055963	0.982453	0.482453	0.992390	0.972455	0.992504
4	0.012193	0.996433	0.496433	0.057029	0.983445	0.483445	0.997028	0.969868	0.997093
5	0.009312	0.996986	0.496986	0.091968	0.977037	0.477037	0.997619	0.956475	0.997705
6	0.013569	0.995136	0.495136	0.060694	0.985352	0.485352	0.995957	0.974737	0.996023
7	0.005651	0.998150	0.498150	0.055202	0.983598	0.483598	0.979481	0.987977	0.979195
8	0.008700	0.997044	0.497044	0.065537	0.983522	0.483522	0.995942	0.971085	0.996023
9	0.004197	0.998531	0.498531	0.072560	0.984590	0.484590	0.996415	0.972759	0.996482
10	0.002441	0.999237	0.499237	0.143501	0.974748	0.474748	0.999520	0.950084	0.999541
11	0.010128	0.996433	0.496433	0.060412	0.986344	0.486344	0.989884	0.982803	0.989904
12	0.002098	0.999275	0.499275	0.069264	0.985886	0.485886	0.991382	0.980368	0.991433
13	0.005787	0.997883	0.497883	0.063703	0.985200	0.485200	0.993805	0.976564	0.993881
14	0.004656	0.998131	0.498131	0.085423	0.983674	0.483674	0.995016	0.972303	0.995105
15	0.003718	0.998722	0.498722	0.061314	0.986344	0.486344	0.991692	0.980977	0.991739
16	0.004831	0.998245	0.498245	0.097497	0.974977	0.474977	0.960195	0.991173	0.958697
17	0.002060	0.999351	0.499351	0.073241	0.985886	0.485886	0.987332	0.984477	0.987303
18	0.004172	0.998722	0.498722	0.104238	0.977190	0.477190	0.997146	0.957236	0.997246
19	0.004881	0.998054	0.498054	0.073797	0.984132	0.484132	0.995792	0.972455	0.995870
20	0.003466	0.998894	0.498894	0.072580	0.985200	0.485200	0.995032	0.975346	0.995105
