=== TRAINING REPORT ===

[CONFIG]
data_path: ../Ciphers/Gift-64/Database/gift64_R1_r4_s2766380892.npz
model: resnet
batch_size: 128
lr: 0.001
epochs: 20
train_split: 0.8
split_seed: 1234
device: cpu

[DATASET METADATA]
key: 220182514974358222451347155649029052340
seed: 2766380892
rounds: 4
delta: 1

[DATA SHAPES]
train_size: 52428
test_size: 13108
num_rows: 1
block_size: 64
trainable_parameters: 125121

[SUMMARY]
best_test_acc: 0.900137
best_test_adv: 0.400137
best_epoch: 14
best_epoch_train_acc: 0.905833
best_epoch_train_loss: 0.243699
best_epoch_test_loss: 0.254943
final_train_acc: 0.911936
final_test_acc: 0.897086
final_train_loss: 0.228453
final_test_loss: 0.267739
final_test_adv: 0.397086
max_overfit_gap_train_minus_test_acc: 0.017043
epoch_min_test_loss: 8
min_test_loss: 0.254513

[FINAL CONFUSION COUNTS]
TP: 5583
TN: 6176
FP: 361
FN: 988
precision: 0.939266
recall: 0.849642
specificity: 0.944776

[EPOCH-BY-EPOCH]
epoch	train_loss	train_acc	train_adv	test_loss	test_acc	test_adv	test_precision	test_recall	test_specificity
1	0.378117	0.832532	0.332532	0.379930	0.838190	0.338190	0.938337	0.724852	0.952119
2	0.291437	0.880770	0.380770	0.290038	0.884574	0.384574	0.970950	0.793487	0.976136
3	0.264090	0.896448	0.396448	0.276886	0.884498	0.384498	0.870259	0.904429	0.864464
4	0.260951	0.897002	0.397002	0.257848	0.899298	0.399298	0.922446	0.872470	0.926266
5	0.257955	0.898623	0.398623	0.257588	0.896323	0.396323	0.906425	0.884492	0.908215
6	0.255228	0.900397	0.400397	0.270349	0.886634	0.386634	0.871874	0.907168	0.865994
7	0.254617	0.899157	0.399157	0.257795	0.899985	0.399985	0.931289	0.864252	0.935903
8	0.252041	0.902380	0.402380	0.254513	0.899527	0.399527	0.929810	0.864861	0.934374
9	0.251091	0.902228	0.402228	0.267559	0.890143	0.390143	0.889479	0.891645	0.888634
10	0.249764	0.902876	0.402876	0.256777	0.898688	0.398688	0.930248	0.862578	0.934985
11	0.249400	0.903048	0.403048	0.257530	0.897391	0.397391	0.919422	0.871709	0.923206
12	0.246150	0.904154	0.404154	0.257074	0.897162	0.397162	0.909519	0.882666	0.911733
13	0.244592	0.905127	0.405127	0.268481	0.888084	0.388084	0.886082	0.891341	0.884810
14	0.243699	0.905833	0.405833	0.254943	0.900137	0.400137	0.933300	0.862426	0.938045
15	0.241163	0.906176	0.406176	0.266093	0.898917	0.398917	0.954120	0.838685	0.959462
16	0.239351	0.908331	0.408331	0.257534	0.899603	0.399603	0.933223	0.861361	0.938045
17	0.236056	0.908484	0.408484	0.261009	0.899756	0.399756	0.938302	0.856338	0.943399
18	0.233834	0.909552	0.409552	0.262350	0.898306	0.398306	0.942399	0.849034	0.947835
19	0.232294	0.909705	0.409705	0.259426	0.896704	0.396704	0.917560	0.872318	0.921218
20	0.228453	0.911936	0.411936	0.267739	0.897086	0.397086	0.939266	0.849642	0.944776
