=== TRAINING REPORT ===

[CONFIG]
data_path: ../Ciphers/Gift-64/gift64_R2_r8_s3111051396.npz
model: mlp
batch_size: 128
lr: 0.001
epochs: 20
train_split: 0.8
split_seed: 1234
device: cpu

[DATASET METADATA]
key: 276390569973383337144205707601704988933
seed: 3111051396
rounds: 8
deltas: [0, 1, 2, 16, 4294967297, 65544, 51, 3855]
use_differences: 1
include_base_row: 0

[DATA SHAPES]
train_size: 52428
test_size: 13108
num_rows: 7
block_size: 64
trainable_parameters: 147969

[SUMMARY]
best_test_acc: 0.514571
best_test_adv: 0.014571
best_epoch: 17
best_epoch_train_acc: 0.568799
best_epoch_train_loss: 0.674965
best_epoch_test_loss: 0.708087
final_train_acc: 0.582055
final_test_acc: 0.506713
final_train_loss: 0.665671
final_test_loss: 0.725236
final_test_adv: 0.006713
max_overfit_gap_train_minus_test_acc: 0.075342
epoch_min_test_loss: 3
min_test_loss: 0.692987

[FINAL CONFUSION COUNTS]
TP: 2652
TN: 3990
FP: 2603
FN: 3863
precision: 0.504662
recall: 0.407061
specificity: 0.605187

[EPOCH-BY-EPOCH]
epoch	train_loss	train_acc	train_adv	test_loss	test_acc	test_adv	test_precision	test_recall	test_specificity
1	0.693854	0.497597	-0.002403	0.693173	0.503814	0.003814	0.500449	0.940445	0.072349
2	0.693269	0.503929	0.003929	0.693029	0.505798	0.005798	0.536926	0.041289	0.964811
3	0.692890	0.508946	0.008946	0.692987	0.504501	0.004501	0.512438	0.063239	0.940543
4	0.692257	0.520256	0.020256	0.693229	0.505111	0.005111	0.502413	0.447429	0.562111
5	0.691536	0.525597	0.025597	0.693417	0.507400	0.007400	0.503449	0.649731	0.366753
6	0.690714	0.530022	0.030022	0.693224	0.509612	0.009612	0.509001	0.377590	0.640073
7	0.690150	0.533875	0.033875	0.694917	0.508316	0.008316	0.503933	0.688411	0.330350
8	0.689802	0.531930	0.031930	0.695183	0.505798	0.005798	0.503024	0.472295	0.538905
9	0.689381	0.536259	0.036259	0.697523	0.508544	0.008544	0.504029	0.700844	0.318520
10	0.689143	0.536488	0.036488	0.695844	0.506103	0.006103	0.502084	0.758250	0.256939
11	0.688229	0.540951	0.040951	0.694900	0.507324	0.007324	0.504383	0.503454	0.511148
12	0.687035	0.543393	0.043393	0.696181	0.499924	-0.000076	0.496984	0.505909	0.494009
13	0.685848	0.547398	0.047398	0.697823	0.504577	0.004577	0.502173	0.372525	0.635067
14	0.683721	0.552777	0.052777	0.697181	0.510375	0.010375	0.507890	0.479202	0.541180
15	0.680854	0.560369	0.060369	0.701478	0.506866	0.006866	0.504238	0.465695	0.547550
16	0.677264	0.567216	0.067216	0.703778	0.505264	0.005264	0.502503	0.462318	0.547702
17	0.674965	0.568799	0.068799	0.708087	0.514571	0.014571	0.511203	0.532310	0.497042
18	0.671793	0.575246	0.075246	0.707735	0.502594	0.002594	0.499516	0.395702	0.608221
19	0.668317	0.580262	0.080262	0.720623	0.507476	0.007476	0.504546	0.502533	0.512362
20	0.665671	0.582055	0.082055	0.725236	0.506713	0.006713	0.504662	0.407061	0.605187
