=== TRAINING REPORT ===

[CONFIG]
data_path: ../Ciphers/Gift-64/Database/gift64_R1_r4_s2766380892.npz
model: conv
batch_size: 128
lr: 0.001
epochs: 20
train_split: 0.8
split_seed: 1234
device: cpu

[DATASET METADATA]
key: 220182514974358222451347155649029052340
seed: 2766380892
rounds: 4
delta: 1

[DATA SHAPES]
train_size: 52428
test_size: 13108
num_rows: 1
block_size: 64
trainable_parameters: 12929

[SUMMARY]
best_test_acc: 0.837580
best_test_adv: 0.337580
best_epoch: 13
best_epoch_train_acc: 0.833524
best_epoch_train_loss: 0.379069
best_epoch_test_loss: 0.378651
final_train_acc: 0.833886
final_test_acc: 0.836894
final_train_loss: 0.378575
final_test_loss: 0.377542
final_test_adv: 0.336894
max_overfit_gap_train_minus_test_acc: -0.001024
epoch_min_test_loss: 14
min_test_loss: 0.377481

[FINAL CONFUSION COUNTS]
TP: 5192
TN: 5778
FP: 759
FN: 1379
precision: 0.872458
recall: 0.790138
specificity: 0.883892

[EPOCH-BY-EPOCH]
epoch	train_loss	train_acc	train_adv	test_loss	test_acc	test_adv	test_precision	test_recall	test_specificity
1	0.397903	0.825742	0.325742	0.381867	0.834757	0.334757	0.870604	0.787399	0.882362
2	0.382533	0.832265	0.332265	0.379237	0.834529	0.334529	0.861175	0.798661	0.870583
3	0.380796	0.833619	0.333619	0.379285	0.837122	0.337122	0.872773	0.790291	0.884198
4	0.380842	0.832818	0.332818	0.377863	0.836817	0.336817	0.869826	0.793182	0.880679
5	0.380213	0.833677	0.333677	0.380189	0.837275	0.337275	0.884176	0.777203	0.897659
6	0.380001	0.832704	0.332704	0.378095	0.836512	0.336512	0.861410	0.803074	0.870124
7	0.379844	0.833791	0.333791	0.378471	0.835368	0.335368	0.858024	0.804748	0.866147
8	0.379121	0.832837	0.332837	0.378388	0.837351	0.337351	0.878302	0.784203	0.890776
9	0.379420	0.832532	0.332532	0.377788	0.835673	0.335673	0.867532	0.793334	0.878232
10	0.379488	0.833181	0.333181	0.378352	0.836512	0.336512	0.866556	0.796530	0.876702
11	0.379342	0.833619	0.333619	0.378225	0.836588	0.336588	0.861551	0.803074	0.870277
12	0.379012	0.833352	0.333352	0.377913	0.836665	0.336665	0.868675	0.794247	0.879302
13	0.379069	0.833524	0.333524	0.378651	0.837580	0.337580	0.884256	0.777812	0.897659
14	0.378960	0.834287	0.334287	0.377481	0.836817	0.336817	0.871937	0.790595	0.883280
15	0.378585	0.834688	0.334688	0.377563	0.836665	0.336665	0.870401	0.792117	0.881444
16	0.379266	0.833295	0.333295	0.378088	0.836512	0.336512	0.874493	0.786790	0.886492
17	0.378386	0.833162	0.333162	0.377620	0.837504	0.337504	0.869652	0.795008	0.880220
18	0.379405	0.833295	0.333295	0.378114	0.835520	0.335520	0.859118	0.803683	0.867523
19	0.379282	0.833124	0.333124	0.378641	0.834147	0.334147	0.862490	0.796074	0.872419
20	0.378575	0.833886	0.333886	0.377542	0.836894	0.336894	0.872458	0.790138	0.883892
