=== TRAINING REPORT ===

[CONFIG]
data_path: ../Ciphers/Gift-64/gift64_R1_r7_s3450455268.npz
model: mlp
batch_size: 128
lr: 0.001
epochs: 20
train_split: 0.8
split_seed: 1234
device: cpu

[DATASET METADATA]
key: 137320651592360843192375037650057994659
seed: 3450455268
rounds: 7
delta: 1

[DATA SHAPES]
train_size: 52428
test_size: 13108
num_rows: 1
block_size: 64
trainable_parameters: 49665

[SUMMARY]
best_test_acc: 0.516402
best_test_adv: 0.016402
best_epoch: 6
best_epoch_train_acc: 0.567445
best_epoch_train_loss: 0.677374
best_epoch_test_loss: 0.703273
final_train_acc: 0.807469
final_test_acc: 0.509307
final_train_loss: 0.418338
final_test_loss: 1.026052
final_test_adv: 0.009307
max_overfit_gap_train_minus_test_acc: 0.298162
epoch_min_test_loss: 1
min_test_loss: 0.693088

[FINAL CONFUSION COUNTS]
TP: 3580
TN: 3096
FP: 3471
FN: 2961
precision: 0.507729
recall: 0.547317
specificity: 0.471448

[EPOCH-BY-EPOCH]
epoch	train_loss	train_acc	train_adv	test_loss	test_acc	test_adv	test_precision	test_recall	test_specificity
1	0.693453	0.507420	0.007420	0.693088	0.505264	0.005264	0.535264	0.064975	0.943810
2	0.692747	0.512493	0.012493	0.693303	0.506561	0.006561	0.525400	0.115426	0.896147
3	0.691728	0.523384	0.023384	0.693293	0.507247	0.007247	0.505232	0.605259	0.409624
4	0.689358	0.533112	0.033112	0.693809	0.509460	0.009460	0.506602	0.651124	0.368357
5	0.684491	0.550126	0.050126	0.696816	0.515029	0.015029	0.510753	0.668094	0.362570
6	0.677374	0.567445	0.067445	0.703273	0.516402	0.016402	0.514474	0.548846	0.484087
7	0.667221	0.586118	0.086118	0.710916	0.516402	0.016402	0.519734	0.406666	0.625704
8	0.655772	0.604429	0.104429	0.717996	0.511062	0.011062	0.508449	0.607247	0.415258
9	0.640342	0.623827	0.123827	0.730082	0.510375	0.010375	0.508717	0.548693	0.472210
10	0.624392	0.643492	0.143492	0.751477	0.512054	0.012054	0.513977	0.407583	0.616111
11	0.606542	0.661440	0.161440	0.755553	0.513427	0.013427	0.513341	0.479437	0.547282
12	0.585848	0.678321	0.178321	0.781078	0.509078	0.009078	0.508349	0.493350	0.524745
13	0.565753	0.698997	0.198997	0.793876	0.511062	0.011062	0.511853	0.435713	0.586112
14	0.543750	0.717136	0.217136	0.829038	0.509078	0.009078	0.508394	0.490751	0.527334
15	0.523397	0.735122	0.235122	0.853113	0.504577	0.004577	0.503615	0.500535	0.508604
16	0.501400	0.748741	0.248741	0.890729	0.510681	0.010681	0.509420	0.524996	0.496422
17	0.479940	0.766365	0.266365	0.901946	0.511520	0.011520	0.510900	0.494420	0.528552
18	0.459356	0.779717	0.279717	0.943043	0.509002	0.009002	0.508269	0.493350	0.524593
19	0.437647	0.793965	0.293965	0.970770	0.511367	0.011367	0.510780	0.492585	0.530075
20	0.418338	0.807469	0.307469	1.026052	0.509307	0.009307	0.507729	0.547317	0.471448
