=== TRAINING REPORT ===

[CONFIG]
data_path: ../Ciphers/Gift-64/gift64_R1_r6_s244849399.npz
model: mlp
batch_size: 128
lr: 0.001
epochs: 20
train_split: 0.8
split_seed: 1234
device: cpu

[DATASET METADATA]
key: 294574798785990274741405422527746433708
seed: 244849399
rounds: 6
delta: 1

[DATA SHAPES]
train_size: 52428
test_size: 13108
num_rows: 1
block_size: 64
trainable_parameters: 49665

[SUMMARY]
best_test_acc: 0.597421
best_test_adv: 0.097421
best_epoch: 6
best_epoch_train_acc: 0.636416
best_epoch_train_loss: 0.623855
best_epoch_test_loss: 0.664077
final_train_acc: 0.790494
final_test_acc: 0.568508
final_train_loss: 0.429070
final_test_loss: 0.913755
final_test_adv: 0.068508
max_overfit_gap_train_minus_test_acc: 0.221986
epoch_min_test_loss: 3
min_test_loss: 0.657620

[FINAL CONFUSION COUNTS]
TP: 3215
TN: 4237
FP: 2223
FN: 3433
precision: 0.591210
recall: 0.483604
specificity: 0.655882

[EPOCH-BY-EPOCH]
epoch	train_loss	train_acc	train_adv	test_loss	test_acc	test_adv	test_precision	test_recall	test_specificity
1	0.682131	0.552052	0.052052	0.673491	0.565990	0.065990	0.600461	0.431107	0.704799
2	0.663429	0.583753	0.083753	0.665289	0.581019	0.081019	0.666379	0.348225	0.820588
3	0.650647	0.604562	0.104562	0.657620	0.592463	0.092463	0.641098	0.446300	0.742879
4	0.641858	0.616064	0.116064	0.658687	0.595743	0.095743	0.622037	0.517148	0.676625
5	0.633418	0.625105	0.125105	0.658658	0.591547	0.091547	0.632582	0.464350	0.722446
6	0.623855	0.636416	0.136416	0.664077	0.597421	0.097421	0.656829	0.431859	0.767802
7	0.614615	0.647097	0.147097	0.667854	0.589258	0.089258	0.654297	0.403129	0.780805
8	0.603237	0.657263	0.157263	0.690652	0.589182	0.089182	0.626275	0.471119	0.710681
9	0.592291	0.666037	0.166037	0.694936	0.584300	0.084300	0.627907	0.442690	0.730031
10	0.580868	0.675669	0.175669	0.698529	0.571254	0.071254	0.602065	0.456077	0.689783
11	0.567693	0.687610	0.187610	0.704974	0.581935	0.081935	0.615051	0.469615	0.697523
12	0.552712	0.699760	0.199760	0.723449	0.570262	0.070262	0.597803	0.466606	0.676935
13	0.538310	0.711147	0.211147	0.753630	0.568737	0.068737	0.580463	0.539862	0.598452
14	0.522889	0.722362	0.222362	0.756952	0.566448	0.066448	0.573675	0.565132	0.567802
15	0.507964	0.733177	0.233177	0.774474	0.560040	0.060040	0.568560	0.549489	0.570898
16	0.490400	0.748131	0.248131	0.810637	0.569805	0.069805	0.603572	0.442238	0.701084
17	0.476490	0.756828	0.256828	0.822032	0.558056	0.058056	0.566146	0.550391	0.565944
18	0.460079	0.768158	0.268158	0.877375	0.557293	0.057293	0.561347	0.581528	0.532353
19	0.446017	0.779278	0.279278	0.868122	0.558819	0.058819	0.572628	0.512936	0.606037
20	0.429070	0.790494	0.290494	0.913755	0.568508	0.068508	0.591210	0.483604	0.655882
