=== TRAINING REPORT ===

[CONFIG]
data_path: ../Ciphers/Gift-64/gift64_R2_r9_s4134458947.npz
model: mlp
batch_size: 128
lr: 0.001
epochs: 20
train_split: 0.8
split_seed: 1234
device: cpu

[DATASET METADATA]
key: 209300457345789459962161363076628728873
seed: 4134458947
rounds: 9
deltas: [0, 1, 2, 16, 4294967297, 65544, 51, 3855]
use_differences: 1
include_base_row: 0

[DATA SHAPES]
train_size: 52428
test_size: 13108
num_rows: 7
block_size: 64
trainable_parameters: 147969

[SUMMARY]
best_test_acc: 0.504120
best_test_adv: 0.004120
best_epoch: 1
best_epoch_train_acc: 0.501049
best_epoch_train_loss: 0.693763
best_epoch_test_loss: 0.693123
final_train_acc: 0.596094
final_test_acc: 0.498093
final_train_loss: 0.654304
final_test_loss: 0.731508
final_test_adv: -0.001907
max_overfit_gap_train_minus_test_acc: 0.099145
epoch_min_test_loss: 1
min_test_loss: 0.693123

[FINAL CONFUSION COUNTS]
TP: 2597
TN: 3932
FP: 2680
FN: 3899
precision: 0.492136
recall: 0.399784
specificity: 0.594676

[EPOCH-BY-EPOCH]
epoch	train_loss	train_acc	train_adv	test_loss	test_acc	test_adv	test_precision	test_recall	test_specificity
1	0.693763	0.501049	0.001049	0.693123	0.504120	0.004120	0.495283	0.032328	0.967635
2	0.693066	0.507191	0.007191	0.693960	0.504043	0.004043	0.380952	0.001232	0.998034
3	0.692262	0.518177	0.018177	0.693397	0.498551	-0.001449	0.477446	0.125462	0.865094
4	0.691293	0.525235	0.025235	0.694160	0.503738	0.003738	0.498963	0.333282	0.671204
5	0.690189	0.529812	0.029812	0.697257	0.501526	0.001526	0.487265	0.111915	0.884301
6	0.689411	0.532845	0.032845	0.697530	0.498322	-0.001678	0.493769	0.487993	0.508469
7	0.688274	0.537556	0.037556	0.696142	0.500458	0.000458	0.494199	0.340979	0.657139
8	0.686364	0.542763	0.042763	0.697058	0.502060	0.002060	0.496083	0.302186	0.698427
9	0.685146	0.542782	0.042782	0.702978	0.500915	0.000915	0.496783	0.546798	0.455838
10	0.682835	0.549573	0.049573	0.701615	0.497482	-0.002518	0.489796	0.336207	0.655929
11	0.680862	0.553750	0.053750	0.709496	0.494278	-0.005722	0.486558	0.370536	0.615850
12	0.679560	0.556172	0.056172	0.702932	0.495880	-0.004120	0.491083	0.474754	0.516636
13	0.677727	0.563420	0.063420	0.714698	0.496567	-0.003433	0.493386	0.591441	0.403358
14	0.676103	0.566663	0.066663	0.717181	0.496109	-0.003891	0.489680	0.398091	0.592408
15	0.673753	0.569352	0.069352	0.712247	0.493439	-0.006561	0.490377	0.564809	0.423321
16	0.672253	0.571851	0.071851	0.704059	0.490311	-0.009689	0.483949	0.429341	0.550212
17	0.667707	0.580262	0.080262	0.727344	0.490540	-0.009460	0.484757	0.445505	0.534785
18	0.662624	0.585489	0.085489	0.731959	0.490540	-0.009460	0.487007	0.525092	0.456594
19	0.659720	0.590295	0.090295	0.721068	0.491150	-0.008850	0.486478	0.481835	0.500302
20	0.654304	0.596094	0.096094	0.731508	0.498093	-0.001907	0.492136	0.399784	0.594676
