=== TRAINING REPORT ===

[CONFIG]
data_path: ../Ciphers/Gift-64/Database/gift64_R2_r5_s1106099994.npz
model: resnet
batch_size: 128
lr: 0.001
epochs: 20
train_split: 0.8
split_seed: 1234
device: cpu

[DATASET METADATA]
key: 74081035696864537650651937298042696891
seed: 1106099994
rounds: 5
deltas: [0, 1, 2, 16, 4294967297, 65544, 51, 3855]
use_differences: 1
include_base_row: 0

[DATA SHAPES]
train_size: 52428
test_size: 13108
num_rows: 7
block_size: 64
trainable_parameters: 125505

[SUMMARY]
best_test_acc: 0.858483
best_test_adv: 0.358483
best_epoch: 7
best_epoch_train_acc: 0.889925
best_epoch_train_loss: 0.265986
best_epoch_test_loss: 0.327768
final_train_acc: 0.978809
final_test_acc: 0.838190
final_train_loss: 0.056130
final_test_loss: 0.700065
final_test_adv: 0.338190
max_overfit_gap_train_minus_test_acc: 0.211911
epoch_min_test_loss: 4
min_test_loss: 0.327505

[FINAL CONFUSION COUNTS]
TP: 5327
TN: 5660
FP: 945
FN: 1176
precision: 0.849330
recall: 0.819160
specificity: 0.856927

[EPOCH-BY-EPOCH]
epoch	train_loss	train_acc	train_adv	test_loss	test_acc	test_adv	test_precision	test_recall	test_specificity
1	0.380406	0.828050	0.328050	0.609914	0.749466	0.249466	0.677199	0.945871	0.556094
2	0.341385	0.849680	0.349680	0.334205	0.855890	0.355890	0.879191	0.822543	0.888721
3	0.321734	0.860056	0.360056	0.328978	0.855203	0.355203	0.853198	0.855298	0.855110
4	0.308013	0.869001	0.369001	0.327505	0.858255	0.358255	0.863515	0.848378	0.867979
5	0.294627	0.874456	0.374456	0.343924	0.853143	0.353143	0.933359	0.758112	0.946707
6	0.281554	0.881914	0.381914	0.338295	0.851999	0.351999	0.829840	0.882670	0.821802
7	0.265986	0.889925	0.389925	0.327768	0.858483	0.358483	0.850845	0.866677	0.850416
8	0.250658	0.894179	0.394179	0.364095	0.841852	0.341852	0.805349	0.898355	0.786223
9	0.231983	0.902514	0.402514	0.410482	0.819805	0.319805	0.769983	0.908042	0.732930
10	0.211158	0.913500	0.413500	0.365565	0.854974	0.354974	0.874390	0.826388	0.883119
11	0.190357	0.922942	0.422942	0.402466	0.845285	0.345285	0.843755	0.844533	0.846026
12	0.169143	0.930972	0.430972	0.637066	0.767928	0.267928	0.697028	0.941412	0.597123
13	0.143718	0.943599	0.443599	0.462029	0.847650	0.347650	0.845234	0.848224	0.847086
14	0.124843	0.950904	0.450904	0.530984	0.821330	0.321330	0.784416	0.882362	0.761241
15	0.105617	0.959125	0.459125	0.786985	0.824916	0.324916	0.939616	0.691527	0.956245
16	0.089374	0.965763	0.465763	0.678597	0.838419	0.338419	0.897408	0.761341	0.914307
17	0.076254	0.971180	0.471180	0.624194	0.832774	0.332774	0.815362	0.856989	0.808933
18	0.067177	0.974346	0.474346	1.027802	0.762435	0.262435	0.693591	0.933569	0.593944
19	0.057471	0.978161	0.478161	0.804583	0.837046	0.337046	0.903679	0.751653	0.921120
20	0.056130	0.978809	0.478809	0.700065	0.838190	0.338190	0.849330	0.819160	0.856927
