=== TRAINING REPORT ===

[CONFIG]
data_path: ../Ciphers/Gift-64/gift64_R2_r6_s244849399.npz
model: mlp
batch_size: 128
lr: 0.001
epochs: 20
train_split: 0.8
split_seed: 1234
device: cpu

[DATASET METADATA]
key: 294574798785990274741405422527746433708
seed: 244849399
rounds: 6
deltas: [0, 1, 2, 16, 4294967297, 65544, 51, 3855]
use_differences: 1
include_base_row: 0

[DATA SHAPES]
train_size: 52428
test_size: 13108
num_rows: 7
block_size: 64
trainable_parameters: 147969

[SUMMARY]
best_test_acc: 0.593912
best_test_adv: 0.093912
best_epoch: 10
best_epoch_train_acc: 0.682231
best_epoch_train_loss: 0.581575
best_epoch_test_loss: 0.686050
final_train_acc: 0.773041
final_test_acc: 0.585978
final_train_loss: 0.465279
final_test_loss: 0.871734
final_test_adv: 0.085978
max_overfit_gap_train_minus_test_acc: 0.187063
epoch_min_test_loss: 5
min_test_loss: 0.664894

[FINAL CONFUSION COUNTS]
TP: 3502
TN: 4179
FP: 2281
FN: 3146
precision: 0.605568
recall: 0.526775
specificity: 0.646904

[EPOCH-BY-EPOCH]
epoch	train_loss	train_acc	train_adv	test_loss	test_acc	test_adv	test_precision	test_recall	test_specificity
1	0.679888	0.562963	0.062963	0.674883	0.571636	0.071636	0.683481	0.289410	0.862074
2	0.665204	0.591039	0.091039	0.669640	0.583003	0.083003	0.599865	0.533995	0.633437
3	0.660544	0.596380	0.096380	0.670827	0.577281	0.077281	0.675214	0.320848	0.841176
4	0.655972	0.601339	0.101339	0.667598	0.582774	0.082774	0.652918	0.378610	0.792879
5	0.648973	0.609979	0.109979	0.664894	0.589411	0.089411	0.638512	0.438929	0.744272
6	0.640045	0.619020	0.119020	0.672937	0.584910	0.084910	0.643111	0.407942	0.767028
7	0.627470	0.635481	0.135481	0.665079	0.593302	0.093302	0.629295	0.482100	0.707740
8	0.615369	0.649882	0.149882	0.675608	0.589564	0.089564	0.651457	0.410199	0.774149
9	0.599739	0.665427	0.165427	0.699356	0.590098	0.090098	0.591608	0.619284	0.560062
10	0.581575	0.682231	0.182231	0.686050	0.593912	0.093912	0.645381	0.442389	0.749845
11	0.566606	0.696860	0.196860	0.705329	0.587656	0.087656	0.624774	0.468111	0.710681
12	0.552994	0.707847	0.207847	0.718524	0.592005	0.092005	0.632329	0.467208	0.720433
13	0.538269	0.718986	0.218986	0.725273	0.588114	0.088114	0.639740	0.430054	0.750774
14	0.522365	0.731308	0.231308	0.732649	0.589640	0.089640	0.625470	0.475782	0.706811
15	0.511522	0.740635	0.240635	0.749573	0.581782	0.081782	0.607406	0.495939	0.670124
16	0.499553	0.749008	0.249008	0.782388	0.588953	0.088953	0.640249	0.432611	0.749845
17	0.491862	0.754482	0.254482	0.816507	0.584300	0.084300	0.611039	0.496239	0.674923
18	0.481941	0.760719	0.260719	0.813579	0.586054	0.086054	0.614893	0.491877	0.682972
19	0.469804	0.768750	0.268750	0.864252	0.587580	0.087580	0.614576	0.501053	0.676625
20	0.465279	0.773041	0.273041	0.871734	0.585978	0.085978	0.605568	0.526775	0.646904
