=== TRAINING REPORT ===

[CONFIG]
data_path: ../Ciphers/Gift-64/Database/gift64_R2_r4_s2766380892.npz
model: resnet
batch_size: 128
lr: 0.001
epochs: 20
train_split: 0.8
split_seed: 1234
device: cpu

[DATASET METADATA]
key: 220182514974358222451347155649029052340
seed: 2766380892
rounds: 4
deltas: [0, 1, 2, 16, 4294967297, 65544, 51, 3855]
use_differences: 1
include_base_row: 0

[DATA SHAPES]
train_size: 52428
test_size: 13108
num_rows: 7
block_size: 64
trainable_parameters: 125505

[SUMMARY]
best_test_acc: 0.993744
best_test_adv: 0.493744
best_epoch: 16
best_epoch_train_acc: 0.998856
best_epoch_train_loss: 0.003510
best_epoch_test_loss: 0.025348
final_train_acc: 0.998417
final_test_acc: 0.992829
final_train_loss: 0.004078
final_test_loss: 0.029962
final_test_adv: 0.492829
max_overfit_gap_train_minus_test_acc: 0.010947
epoch_min_test_loss: 4
min_test_loss: 0.021327

[FINAL CONFUSION COUNTS]
TP: 6524
TN: 6490
FP: 47
FN: 47
precision: 0.992847
recall: 0.992847
specificity: 0.992810

[EPOCH-BY-EPOCH]
epoch	train_loss	train_acc	train_adv	test_loss	test_acc	test_adv	test_precision	test_recall	test_specificity
1	0.040928	0.985409	0.485409	0.024084	0.992676	0.492676	0.995713	0.989651	0.995717
2	0.027585	0.990787	0.490787	0.052692	0.982072	0.482072	0.999527	0.964693	0.999541
3	0.023168	0.992161	0.492161	0.022847	0.992371	0.492371	0.994498	0.990260	0.994493
4	0.018837	0.993458	0.493458	0.021327	0.992829	0.492829	0.994201	0.991478	0.994187
5	0.016760	0.994144	0.494144	0.024942	0.991990	0.491990	0.989997	0.994065	0.989904
6	0.015837	0.994430	0.494430	0.023000	0.992600	0.492600	0.996320	0.988891	0.996329
7	0.013148	0.995403	0.495403	0.046812	0.986573	0.486573	0.999375	0.973824	0.999388
8	0.010389	0.996490	0.496490	0.022870	0.992524	0.492524	0.996015	0.989043	0.996023
9	0.009114	0.996700	0.496700	0.034742	0.991227	0.491227	0.998302	0.984173	0.998317
10	0.008822	0.996777	0.496777	0.032133	0.991303	0.491303	0.997381	0.985238	0.997399
11	0.006559	0.997749	0.497749	0.055481	0.986802	0.486802	0.999220	0.974433	0.999235
12	0.005204	0.998360	0.498360	0.029519	0.991379	0.491379	0.987764	0.995130	0.987609
13	0.005990	0.997864	0.497864	0.027117	0.992066	0.492066	0.991040	0.993152	0.990974
14	0.005559	0.998016	0.498016	0.027818	0.992066	0.492066	0.993438	0.990717	0.993422
15	0.005894	0.997787	0.497787	0.026748	0.992981	0.492981	0.993751	0.992239	0.993728
16	0.003510	0.998856	0.498856	0.025348	0.993744	0.493744	0.994061	0.993456	0.994034
17	0.004925	0.998074	0.498074	0.034029	0.991990	0.491990	0.995707	0.988282	0.995717
18	0.003614	0.998646	0.498646	0.030837	0.992371	0.492371	0.994952	0.989804	0.994952
19	0.004561	0.998398	0.498398	0.058440	0.989854	0.489854	0.998143	0.981586	0.998164
20	0.004078	0.998417	0.498417	0.029962	0.992829	0.492829	0.992847	0.992847	0.992810
