=== TRAINING REPORT ===

[CONFIG]
data_path: ../Ciphers/Gift-64/Database/gift64_R2_r5_s1106099994.npz
model: conv
batch_size: 128
lr: 0.001
epochs: 20
train_split: 0.8
split_seed: 1234
device: cpu

[DATASET METADATA]
key: 74081035696864537650651937298042696891
seed: 1106099994
rounds: 5
deltas: [0, 1, 2, 16, 4294967297, 65544, 51, 3855]
use_differences: 1
include_base_row: 0

[DATA SHAPES]
train_size: 52428
test_size: 13108
num_rows: 7
block_size: 64
trainable_parameters: 14081

[SUMMARY]
best_test_acc: 0.836054
best_test_adv: 0.336054
best_epoch: 16
best_epoch_train_acc: 0.842584
best_epoch_train_loss: 0.354841
best_epoch_test_loss: 0.373574
final_train_acc: 0.847620
final_test_acc: 0.823238
final_train_loss: 0.348575
final_test_loss: 0.401080
final_test_adv: 0.323238
max_overfit_gap_train_minus_test_acc: 0.024382
epoch_min_test_loss: 18
min_test_loss: 0.368516

[FINAL CONFUSION COUNTS]
TP: 4559
TN: 6232
FP: 373
FN: 1944
precision: 0.924371
recall: 0.701061
specificity: 0.943528

[EPOCH-BY-EPOCH]
epoch	train_loss	train_acc	train_adv	test_loss	test_acc	test_adv	test_precision	test_recall	test_specificity
1	0.447390	0.794995	0.294995	0.400676	0.816601	0.316601	0.829449	0.793480	0.839364
2	0.398728	0.816720	0.316720	0.394145	0.821636	0.321636	0.853146	0.773643	0.868887
3	0.391180	0.822728	0.322728	0.402572	0.813930	0.313930	0.791368	0.848685	0.779712
4	0.386629	0.824350	0.324350	0.386789	0.825908	0.325908	0.862567	0.772105	0.878880
5	0.383554	0.825666	0.325666	0.401315	0.813549	0.313549	0.786369	0.856989	0.770780
6	0.378183	0.829690	0.329690	0.382101	0.828578	0.328578	0.869188	0.770414	0.885844
7	0.375160	0.831331	0.331331	0.380527	0.828502	0.328502	0.846329	0.799477	0.857078
8	0.373637	0.831369	0.331369	0.386068	0.826289	0.326289	0.888991	0.742580	0.908706
9	0.369324	0.834039	0.334039	0.389557	0.827128	0.327128	0.894874	0.738275	0.914610
10	0.367580	0.836061	0.336061	0.377409	0.830561	0.330561	0.867112	0.777641	0.882665
11	0.364064	0.837453	0.337453	0.390744	0.818966	0.318966	0.791420	0.862371	0.776230
12	0.362214	0.839151	0.339151	0.374430	0.832621	0.332621	0.855704	0.797017	0.867676
13	0.361237	0.839170	0.339170	0.372135	0.832164	0.332164	0.856032	0.795479	0.868282
14	0.357299	0.841554	0.341554	0.376134	0.829646	0.329646	0.823976	0.834999	0.824375
15	0.355885	0.842184	0.342184	0.375161	0.832698	0.332698	0.881146	0.766108	0.898259
16	0.354841	0.842584	0.342584	0.373574	0.836054	0.336054	0.880328	0.774873	0.896291
17	0.351680	0.845636	0.345636	0.370774	0.833613	0.333613	0.869528	0.781947	0.884481
18	0.350510	0.844987	0.344987	0.368516	0.834452	0.334452	0.841881	0.820391	0.848297
19	0.349469	0.846647	0.346647	0.370077	0.835902	0.335902	0.874914	0.780870	0.890083
20	0.348575	0.847620	0.347620	0.401080	0.823238	0.323238	0.924371	0.701061	0.943528
