=== TRAINING REPORT ===

[CONFIG]
data_path: ../Ciphers/Gift-64/Database/gift64_R1_r5_s1106099994.npz
model: conv
batch_size: 128
lr: 0.001
epochs: 20
train_split: 0.8
split_seed: 1234
device: cpu

[DATASET METADATA]
key: 74081035696864537650651937298042696891
seed: 1106099994
rounds: 5
delta: 1

[DATA SHAPES]
train_size: 52428
test_size: 13108
num_rows: 1
block_size: 64
trainable_parameters: 12929

[SUMMARY]
best_test_acc: 0.638999
best_test_adv: 0.138999
best_epoch: 16
best_epoch_train_acc: 0.634699
best_epoch_train_loss: 0.625535
best_epoch_test_loss: 0.625161
final_train_acc: 0.635882
final_test_acc: 0.637092
final_train_loss: 0.624953
final_test_loss: 0.624062
final_test_adv: 0.137092
max_overfit_gap_train_minus_test_acc: 0.006418
epoch_min_test_loss: 17
min_test_loss: 0.624055

[FINAL CONFUSION COUNTS]
TP: 3768
TN: 4583
FP: 2022
FN: 2735
precision: 0.650777
recall: 0.579425
specificity: 0.693868

[EPOCH-BY-EPOCH]
epoch	train_loss	train_acc	train_adv	test_loss	test_acc	test_adv	test_precision	test_recall	test_specificity
1	0.638038	0.618601	0.118601	0.631857	0.627327	0.127327	0.641781	0.563125	0.690537
2	0.632276	0.624781	0.124781	0.631926	0.621147	0.121147	0.614309	0.635091	0.607419
3	0.631228	0.626783	0.126783	0.632074	0.633583	0.133583	0.677527	0.498847	0.766238
4	0.629973	0.627794	0.127794	0.633342	0.621376	0.121376	0.614515	0.635399	0.607570
5	0.628786	0.631247	0.131247	0.628064	0.626335	0.126335	0.627685	0.606643	0.645723
6	0.628789	0.629397	0.129397	0.626997	0.633430	0.133430	0.656990	0.546363	0.719152
7	0.627594	0.631247	0.131247	0.626775	0.628624	0.128624	0.633035	0.598185	0.658592
8	0.627079	0.632372	0.132372	0.626417	0.631523	0.131523	0.639393	0.590035	0.672369
9	0.627210	0.632448	0.132448	0.625691	0.632820	0.132820	0.647831	0.569429	0.695231
10	0.626956	0.633078	0.133078	0.627120	0.633583	0.133583	0.647314	0.574350	0.691900
11	0.626718	0.634928	0.134928	0.625799	0.635795	0.135795	0.660182	0.547901	0.722332
12	0.626515	0.633249	0.133249	0.626470	0.638465	0.138465	0.672131	0.529602	0.745647
13	0.625975	0.634031	0.134031	0.624681	0.637244	0.137244	0.657648	0.560664	0.712642
14	0.625945	0.635367	0.135367	0.625673	0.633583	0.133583	0.635393	0.613409	0.653444
15	0.625953	0.633211	0.133211	0.626260	0.632591	0.132591	0.632730	0.618330	0.646631
16	0.625535	0.634699	0.134699	0.625161	0.638999	0.138999	0.670781	0.534830	0.741559
17	0.625197	0.635748	0.135748	0.624055	0.638541	0.138541	0.656889	0.568199	0.707797
18	0.624957	0.634909	0.134909	0.624246	0.636024	0.136024	0.646680	0.587114	0.684179
19	0.624983	0.635386	0.135386	0.624075	0.636329	0.136329	0.646870	0.587883	0.684027
20	0.624953	0.635882	0.135882	0.624062	0.637092	0.137092	0.650777	0.579425	0.693868
