=== TRAINING REPORT ===

[CONFIG]
data_path: ../Ciphers/Gift-64/Database/gift64_R2_r4_s2766380892.npz
model: conv
batch_size: 128
lr: 0.001
epochs: 20
train_split: 0.8
split_seed: 1234
device: cpu

[DATASET METADATA]
key: 220182514974358222451347155649029052340
seed: 2766380892
rounds: 4
deltas: [0, 1, 2, 16, 4294967297, 65544, 51, 3855]
use_differences: 1
include_base_row: 0

[DATA SHAPES]
train_size: 52428
test_size: 13108
num_rows: 7
block_size: 64
trainable_parameters: 14081

[SUMMARY]
best_test_acc: 0.992295
best_test_adv: 0.492295
best_epoch: 8
best_epoch_train_acc: 0.991588
best_epoch_train_loss: 0.023545
best_epoch_test_loss: 0.023812
final_train_acc: 0.995098
final_test_acc: 0.989701
final_train_loss: 0.015732
final_test_loss: 0.032450
final_test_adv: 0.489701
max_overfit_gap_train_minus_test_acc: 0.005397
epoch_min_test_loss: 17
min_test_loss: 0.021935

[FINAL CONFUSION COUNTS]
TP: 6532
TN: 6441
FP: 96
FN: 39
precision: 0.985516
recall: 0.994065
specificity: 0.985314

[EPOCH-BY-EPOCH]
epoch	train_loss	train_acc	train_adv	test_loss	test_acc	test_adv	test_precision	test_recall	test_specificity
1	0.108908	0.977493	0.477493	0.039199	0.990769	0.490769	0.995392	0.986151	0.995411
2	0.036522	0.989567	0.489567	0.031398	0.990159	0.490159	0.997529	0.982803	0.997552
3	0.029560	0.990673	0.490673	0.026999	0.990922	0.490922	0.997226	0.984629	0.997246
4	0.028212	0.990940	0.490940	0.028480	0.990540	0.490540	0.996917	0.984173	0.996940
5	0.026246	0.991016	0.491016	0.026713	0.991227	0.491227	0.992373	0.990108	0.992351
6	0.024792	0.991360	0.491360	0.025469	0.991074	0.491074	0.995242	0.986912	0.995258
7	0.024324	0.991360	0.491360	0.031518	0.989243	0.489243	0.985210	0.993456	0.985008
8	0.023545	0.991588	0.491588	0.023812	0.992295	0.492295	0.996013	0.988586	0.996023
9	0.022572	0.992332	0.492332	0.026791	0.991227	0.491227	0.998302	0.984173	0.998317
10	0.021454	0.992733	0.492733	0.026474	0.990845	0.490845	0.989083	0.992695	0.988986
11	0.019514	0.993267	0.493267	0.024308	0.991456	0.491456	0.989986	0.993000	0.989904
12	0.020406	0.993057	0.493057	0.032984	0.989319	0.489319	0.998450	0.980216	0.998470
13	0.019262	0.993400	0.493400	0.025294	0.990998	0.490998	0.989234	0.992847	0.989139
14	0.019430	0.993229	0.493229	0.022179	0.991913	0.491913	0.992384	0.991478	0.992351
15	0.018662	0.993744	0.493744	0.023416	0.991684	0.491684	0.991631	0.991782	0.991586
16	0.018746	0.994049	0.494049	0.023027	0.991761	0.491761	0.991932	0.991630	0.991892
17	0.017556	0.994182	0.494182	0.021935	0.991837	0.491837	0.994492	0.989195	0.994493
18	0.017349	0.994049	0.494049	0.022842	0.992295	0.492295	0.993140	0.991478	0.993116
19	0.016834	0.994144	0.494144	0.022602	0.992295	0.492295	0.993742	0.990869	0.993728
20	0.015732	0.995098	0.495098	0.032450	0.989701	0.489701	0.985516	0.994065	0.985314
