=== TRAINING REPORT ===

[CONFIG]
data_path: ../Ciphers/Gift-64/gift64_R2_r5_s1106099994.npz
model: mlp
batch_size: 128
lr: 0.001
epochs: 20
train_split: 0.8
split_seed: 1234
device: cpu

[DATASET METADATA]
key: 74081035696864537650651937298042696891
seed: 1106099994
rounds: 5
deltas: [0, 1, 2, 16, 4294967297, 65544, 51, 3855]
use_differences: 1
include_base_row: 0

[DATA SHAPES]
train_size: 52428
test_size: 13108
num_rows: 7
block_size: 64
trainable_parameters: 147969

[SUMMARY]
best_test_acc: 0.830638
best_test_adv: 0.330638
best_epoch: 9
best_epoch_train_acc: 0.938449
best_epoch_train_loss: 0.156625
best_epoch_test_loss: 0.512759
final_train_acc: 0.983330
final_test_acc: 0.805157
final_train_loss: 0.046244
final_test_loss: 1.030790
final_test_adv: 0.305157
max_overfit_gap_train_minus_test_acc: 0.178172
epoch_min_test_loss: 5
min_test_loss: 0.404027

[FINAL CONFUSION COUNTS]
TP: 5419
TN: 5135
FP: 1470
FN: 1084
precision: 0.786616
recall: 0.833308
specificity: 0.777441

[EPOCH-BY-EPOCH]
epoch	train_loss	train_acc	train_adv	test_loss	test_acc	test_adv	test_precision	test_recall	test_specificity
1	0.527221	0.733864	0.233864	0.490088	0.758850	0.258850	0.794190	0.693680	0.823013
2	0.462215	0.780442	0.280442	0.452345	0.786771	0.286771	0.901299	0.640320	0.930961
3	0.380477	0.830930	0.330930	0.411979	0.815075	0.315075	0.877755	0.728741	0.900076
4	0.322778	0.861028	0.361028	0.407899	0.820720	0.320720	0.806404	0.840381	0.801363
5	0.279649	0.883936	0.383936	0.404027	0.824077	0.324077	0.897217	0.728894	0.917790
6	0.240293	0.902647	0.402647	0.458773	0.807827	0.307827	0.777129	0.858988	0.757456
7	0.213067	0.913558	0.413558	0.474112	0.814770	0.314770	0.792534	0.848839	0.781226
8	0.178907	0.930457	0.430457	0.476218	0.829112	0.329112	0.877190	0.762264	0.894928
9	0.156625	0.938449	0.438449	0.512759	0.830638	0.330638	0.844459	0.807320	0.853596
10	0.136380	0.948138	0.448138	0.537277	0.821178	0.321178	0.833842	0.798708	0.843301
11	0.118013	0.955425	0.455425	0.614847	0.820949	0.320949	0.812575	0.830694	0.811355
12	0.100371	0.962310	0.462310	0.739661	0.803937	0.303937	0.771729	0.858834	0.749886
13	0.087687	0.968338	0.468338	0.750824	0.813702	0.313702	0.796900	0.838075	0.789705
14	0.080294	0.970665	0.470665	0.803757	0.803631	0.303631	0.773951	0.853452	0.754580
15	0.075088	0.972820	0.472820	0.769873	0.814693	0.314693	0.821395	0.800554	0.828615
16	0.062530	0.976711	0.476711	0.860749	0.812481	0.312481	0.804456	0.821775	0.803331
17	0.061023	0.977207	0.477207	0.833299	0.822399	0.322399	0.847049	0.783485	0.860712
18	0.065631	0.974994	0.474994	0.953043	0.804928	0.304928	0.782746	0.839920	0.770477
19	0.048058	0.983291	0.483291	0.885982	0.811260	0.311260	0.815505	0.800707	0.821650
20	0.046244	0.983330	0.483330	1.030790	0.805157	0.305157	0.786616	0.833308	0.777441
