=== TRAINING REPORT ===

[CONFIG]
data_path: ../Ciphers/Gift-64/gift64_R2_r5_s300.npz
model: mlp
batch_size: 128
lr: 0.001
epochs: 20
train_split: 0.8
split_seed: 1234
device: cpu

[DATASET METADATA]
key: 1512366075204170929049582354406559215
seed: 300
rounds: 5
deltas: [0, 1, 2, 16, 4294967297, 65544, 51, 3855]
use_differences: 1
include_base_row: 0

[DATA SHAPES]
train_size: 52428
test_size: 13108
num_rows: 7
block_size: 64
trainable_parameters: 147969

[SUMMARY]
best_test_acc: 0.836665
best_test_adv: 0.336665
best_epoch: 5
best_epoch_train_acc: 0.884623
best_epoch_train_loss: 0.277041
best_epoch_test_loss: 0.381981
final_train_acc: 0.982567
final_test_acc: 0.827739
final_train_loss: 0.049195
final_test_loss: 0.862414
final_test_adv: 0.327739
max_overfit_gap_train_minus_test_acc: 0.175998
epoch_min_test_loss: 5
min_test_loss: 0.381981

[FINAL CONFUSION COUNTS]
TP: 5266
TN: 5584
FP: 1071
FN: 1187
precision: 0.830993
recall: 0.816055
specificity: 0.839068

[EPOCH-BY-EPOCH]
epoch	train_loss	train_acc	train_adv	test_loss	test_acc	test_adv	test_precision	test_recall	test_specificity
1	0.527429	0.732109	0.232109	0.506504	0.756179	0.256179	0.746109	0.765071	0.747558
2	0.459379	0.781624	0.281624	0.467754	0.782270	0.282270	0.760081	0.814970	0.750563
3	0.382431	0.828717	0.328717	0.404760	0.814159	0.314159	0.883228	0.717341	0.908039
4	0.321353	0.861238	0.361238	0.393087	0.824458	0.324458	0.893480	0.730513	0.915552
5	0.277041	0.884623	0.384623	0.381981	0.836665	0.336665	0.871084	0.784286	0.887453
6	0.235688	0.906004	0.406004	0.395794	0.832316	0.332316	0.851246	0.799008	0.864613
7	0.200701	0.921321	0.421321	0.426664	0.833232	0.333232	0.834772	0.824423	0.841773
8	0.179705	0.929561	0.429561	0.457574	0.820491	0.320491	0.798747	0.849372	0.792487
9	0.148904	0.944362	0.444362	0.505643	0.831019	0.331019	0.823314	0.836200	0.825995
10	0.133118	0.950217	0.450217	0.472154	0.832240	0.332240	0.899062	0.742600	0.919159
11	0.108649	0.961032	0.461032	0.538473	0.830790	0.330790	0.851452	0.794979	0.865515
12	0.092775	0.966449	0.466449	0.590814	0.828731	0.328731	0.842671	0.801798	0.854846
13	0.084624	0.969215	0.469215	0.656183	0.826442	0.326442	0.831272	0.812335	0.840120
14	0.074225	0.972992	0.472992	0.701362	0.823085	0.323085	0.809802	0.837285	0.809316
15	0.067199	0.976349	0.476349	0.722780	0.828273	0.328273	0.839968	0.804432	0.851390
16	0.065706	0.976081	0.476081	0.825720	0.808438	0.308438	0.777371	0.856036	0.762284
17	0.051838	0.982109	0.482109	0.738581	0.831248	0.331248	0.887306	0.752828	0.907288
18	0.050981	0.982300	0.482300	0.953086	0.806301	0.306301	0.771655	0.861460	0.752817
19	0.052689	0.981212	0.481212	0.813388	0.830638	0.330638	0.836326	0.815590	0.845229
20	0.049195	0.982567	0.482567	0.862414	0.827739	0.327739	0.830993	0.816055	0.839068
