=== TRAINING REPORT ===

[CONFIG]
data_path: ../Ciphers/Gift-64/gift64_R1_r5_s200.npz
model: mlp
batch_size: 128
lr: 0.001
epochs: 20
train_split: 0.8
split_seed: 1234
device: cpu

[DATASET METADATA]
key: 1512366075204170929049582354406559215
seed: 200
rounds: 5
delta: 1

[DATA SHAPES]
train_size: 104857
test_size: 26215
num_rows: 1
block_size: 64
trainable_parameters: 49665

[SUMMARY]
best_test_acc: 0.776311
best_test_adv: 0.276311
best_epoch: 10
best_epoch_train_acc: 0.812869
best_epoch_train_loss: 0.401518
best_epoch_test_loss: 0.475446
final_train_acc: 0.855212
final_test_acc: 0.756285
final_train_loss: 0.324449
final_test_loss: 0.564299
final_test_adv: 0.256285
max_overfit_gap_train_minus_test_acc: 0.098928
epoch_min_test_loss: 5
min_test_loss: 0.460663

[FINAL CONFUSION COUNTS]
TP: 9013
TN: 10813
FP: 2181
FN: 4208
precision: 0.805163
recall: 0.681718
specificity: 0.832153

[EPOCH-BY-EPOCH]
epoch	train_loss	train_acc	train_adv	test_loss	test_acc	test_adv	test_precision	test_recall	test_specificity
1	0.551196	0.710320	0.210320	0.514551	0.740225	0.240225	0.861102	0.578171	0.905110
2	0.486538	0.761189	0.261189	0.488435	0.756437	0.256437	0.767533	0.741699	0.771433
3	0.461798	0.775981	0.275981	0.466590	0.772497	0.272497	0.831219	0.688753	0.857704
4	0.448226	0.786242	0.286242	0.468143	0.773641	0.273641	0.835219	0.686635	0.862167
5	0.437580	0.791640	0.291640	0.460663	0.776235	0.276235	0.816944	0.716965	0.836540
6	0.428922	0.797438	0.297438	0.468674	0.775930	0.275930	0.810918	0.724680	0.828074
7	0.422113	0.801024	0.301024	0.468340	0.774023	0.274023	0.832074	0.691476	0.858011
8	0.415260	0.805659	0.305659	0.473036	0.772001	0.272001	0.847734	0.667877	0.877944
9	0.407892	0.810199	0.310199	0.472558	0.775434	0.275434	0.831256	0.696014	0.856241
10	0.401518	0.812869	0.312869	0.475446	0.776311	0.276311	0.828408	0.701838	0.852086
11	0.394400	0.816512	0.316512	0.487028	0.769254	0.269254	0.824995	0.688526	0.851393
12	0.386984	0.820861	0.320861	0.488399	0.771619	0.271619	0.799569	0.730202	0.813760
13	0.379581	0.825973	0.325973	0.493938	0.770666	0.270666	0.819973	0.698661	0.843928
14	0.371720	0.829396	0.329396	0.504172	0.766698	0.266698	0.808886	0.703653	0.830845
15	0.364056	0.835223	0.335223	0.518571	0.766012	0.266012	0.835463	0.667499	0.866246
16	0.356749	0.837760	0.337760	0.524131	0.767233	0.267233	0.817784	0.692837	0.842928
17	0.346644	0.843606	0.343606	0.537509	0.765783	0.265783	0.829012	0.674760	0.858396
18	0.340281	0.846839	0.346839	0.568697	0.753347	0.253347	0.758476	0.749641	0.757119
19	0.331759	0.851379	0.351379	0.564165	0.760977	0.260977	0.806631	0.691930	0.831230
20	0.324449	0.855212	0.355212	0.564299	0.756285	0.256285	0.805163	0.681718	0.832153
