=== TRAINING REPORT ===

[CONFIG]
data_path: ../Ciphers/Gift-64/gift64_R2_r5_s200.npz
model: mlp
batch_size: 128
lr: 0.001
epochs: 20
train_split: 0.8
split_seed: 1234
device: cpu

[DATASET METADATA]
key: 1512366075204170929049582354406559215
seed: 200
rounds: 5
deltas: [0, 1, 2, 16, 4294967297, 65544, 51, 3855]
use_differences: 1
include_base_row: 0

[DATA SHAPES]
train_size: 26214
test_size: 6554
num_rows: 7
block_size: 64
trainable_parameters: 147969

[SUMMARY]
best_test_acc: 0.809735
best_test_adv: 0.309735
best_epoch: 10
best_epoch_train_acc: 0.970970
best_epoch_train_loss: 0.081723
best_epoch_test_loss: 0.630206
final_train_acc: 0.999733
final_test_acc: 0.805462
final_train_loss: 0.002925
final_test_loss: 1.083506
final_test_adv: 0.305462
max_overfit_gap_train_minus_test_acc: 0.195261
epoch_min_test_loss: 4
min_test_loss: 0.437480

[FINAL CONFUSION COUNTS]
TP: 2632
TN: 2647
FP: 606
FN: 669
precision: 0.812847
recall: 0.797334
specificity: 0.813710

[EPOCH-BY-EPOCH]
epoch	train_loss	train_acc	train_adv	test_loss	test_acc	test_adv	test_precision	test_recall	test_specificity
1	0.551704	0.705234	0.205234	0.503352	0.754654	0.254654	0.783965	0.707967	0.802029
2	0.486035	0.763180	0.263180	0.484072	0.764724	0.264724	0.841288	0.656771	0.874270
3	0.443938	0.792096	0.292096	0.453788	0.782270	0.282270	0.856274	0.682218	0.883800
4	0.373054	0.835660	0.335660	0.437480	0.795392	0.295392	0.797872	0.795214	0.795573
5	0.307856	0.871633	0.371633	0.450243	0.799054	0.299054	0.785221	0.827325	0.770366
6	0.251252	0.898222	0.398222	0.458466	0.805310	0.305310	0.795103	0.826416	0.783892
7	0.190964	0.926757	0.426757	0.506765	0.803937	0.303937	0.898734	0.688276	0.921303
8	0.154215	0.941520	0.441520	0.551684	0.802563	0.302563	0.891839	0.691912	0.914848
9	0.121646	0.954757	0.454757	0.549126	0.807751	0.307751	0.827608	0.780975	0.834922
10	0.081723	0.970970	0.470970	0.630206	0.809735	0.309735	0.867837	0.734020	0.886566
11	0.066844	0.976501	0.476501	0.711160	0.803937	0.303937	0.833554	0.763102	0.845374
12	0.059987	0.978141	0.478141	0.756003	0.799359	0.299359	0.784527	0.829446	0.768829
13	0.034951	0.988708	0.488708	0.816608	0.808819	0.308819	0.809179	0.811875	0.805718
14	0.021741	0.993362	0.493362	0.864456	0.802868	0.302868	0.844361	0.746138	0.860437
15	0.028332	0.990043	0.490043	0.934873	0.803937	0.303937	0.801796	0.811269	0.796496
16	0.041558	0.984703	0.484703	0.955093	0.789442	0.289442	0.790796	0.791275	0.787581
17	0.060439	0.977073	0.477073	0.940609	0.801343	0.301343	0.837555	0.751287	0.852136
18	0.043669	0.983673	0.483673	0.927714	0.805920	0.305920	0.827364	0.776734	0.835536
19	0.011458	0.996605	0.496605	1.024376	0.807751	0.307751	0.839149	0.764920	0.851214
20	0.002925	0.999733	0.499733	1.083506	0.805462	0.305462	0.812847	0.797334	0.813710
