=== TRAINING REPORT ===

[CONFIG]
data_path: ../Ciphers/Gift-64/gift64_R2_r5_s100.npz
model: mlp
batch_size: 128
lr: 0.001
epochs: 20
train_split: 0.8
split_seed: 1234
device: cpu

[DATASET METADATA]
key: 1512366075204170929049582354406559215
seed: 100
rounds: 5
deltas: [0, 1, 2, 16, 4294967297, 65544, 51, 3855]
use_differences: 1
include_base_row: 0

[DATA SHAPES]
train_size: 13107
test_size: 3277
num_rows: 7
block_size: 64
trainable_parameters: 147969

[SUMMARY]
best_test_acc: 0.793103
best_test_adv: 0.293103
best_epoch: 16
best_epoch_train_acc: 1.000000
best_epoch_train_loss: 0.001895
best_epoch_test_loss: 0.947129
final_train_acc: 1.000000
final_test_acc: 0.790967
final_train_loss: 0.000859
final_test_loss: 1.023694
final_test_adv: 0.290967
max_overfit_gap_train_minus_test_acc: 0.213610
epoch_min_test_loss: 6
min_test_loss: 0.474042

[FINAL CONFUSION COUNTS]
TP: 1252
TN: 1340
FP: 274
FN: 411
precision: 0.820446
recall: 0.752856
specificity: 0.830235

[EPOCH-BY-EPOCH]
epoch	train_loss	train_acc	train_adv	test_loss	test_acc	test_adv	test_precision	test_recall	test_specificity
1	0.590442	0.671626	0.171626	0.521734	0.753738	0.253738	0.820840	0.658449	0.851921
2	0.493558	0.760662	0.260662	0.512088	0.749771	0.249771	0.761639	0.737823	0.762082
3	0.473304	0.774777	0.274777	0.509997	0.752518	0.252518	0.762315	0.744438	0.760843
4	0.443337	0.794766	0.294766	0.490630	0.765639	0.265639	0.780564	0.748647	0.783147
5	0.393424	0.828565	0.328565	0.484133	0.770827	0.270827	0.777035	0.769092	0.772615
6	0.332643	0.858244	0.358244	0.474042	0.780897	0.280897	0.822967	0.723993	0.839529
7	0.250281	0.902342	0.402342	0.502710	0.777540	0.277540	0.789702	0.765484	0.789963
8	0.184711	0.932021	0.432021	0.524873	0.782728	0.282728	0.813861	0.741431	0.825279
9	0.114890	0.961395	0.461395	0.638485	0.772963	0.272963	0.757135	0.813590	0.731103
10	0.079155	0.976577	0.476577	0.724550	0.768691	0.268691	0.742108	0.834035	0.701363
11	0.070097	0.976730	0.476730	0.736337	0.779066	0.279066	0.806262	0.743235	0.815985
12	0.028641	0.994507	0.494507	0.804630	0.780897	0.280897	0.790055	0.773903	0.788104
13	0.011929	0.999313	0.499313	0.856195	0.787305	0.287305	0.842068	0.714973	0.861834
14	0.004885	0.999847	0.499847	0.895510	0.787916	0.287916	0.818841	0.747444	0.829616
15	0.002672	1.000000	0.500000	0.929586	0.790357	0.290357	0.810828	0.765484	0.815985
16	0.001895	1.000000	0.500000	0.947129	0.793103	0.293103	0.813894	0.767889	0.819083
17	0.001471	1.000000	0.500000	0.968632	0.792188	0.292188	0.822602	0.752856	0.832714
18	0.001199	1.000000	0.500000	0.992017	0.791273	0.291273	0.817239	0.758268	0.825279
19	0.001002	1.000000	0.500000	1.007603	0.791273	0.291273	0.818893	0.755863	0.827757
20	0.000859	1.000000	0.500000	1.023694	0.790967	0.290967	0.820446	0.752856	0.830235
