=== TRAINING REPORT ===

[CONFIG]
data_path: ../Ciphers/Gift-64/gift64_R1_r5_s100.npz
model: mlp
batch_size: 128
lr: 0.001
epochs: 20
train_split: 0.8
split_seed: 1234
device: cpu

[DATASET METADATA]
key: 1512366075204170929049582354406559215
seed: 100
rounds: 5
delta: 1

[DATA SHAPES]
train_size: 52428
test_size: 13108
num_rows: 1
block_size: 64
trainable_parameters: 49665

[SUMMARY]
best_test_acc: 0.771056
best_test_adv: 0.271056
best_epoch: 10
best_epoch_train_acc: 0.818246
best_epoch_train_loss: 0.393627
best_epoch_test_loss: 0.494170
final_train_acc: 0.878080
final_test_acc: 0.745804
final_train_loss: 0.281528
final_test_loss: 0.674763
final_test_adv: 0.245804
max_overfit_gap_train_minus_test_acc: 0.132276
epoch_min_test_loss: 9
min_test_loss: 0.489040

[FINAL CONFUSION COUNTS]
TP: 4665
TN: 5111
FP: 1514
FN: 1818
precision: 0.754977
recall: 0.719574
specificity: 0.771472

[EPOCH-BY-EPOCH]
epoch	train_loss	train_acc	train_adv	test_loss	test_acc	test_adv	test_precision	test_recall	test_specificity
1	0.577627	0.685473	0.185473	0.540965	0.718187	0.218187	0.755263	0.636434	0.798189
2	0.512016	0.743210	0.243210	0.515388	0.744202	0.244202	0.794284	0.651550	0.834868
3	0.484311	0.762284	0.262284	0.495457	0.759155	0.259155	0.810609	0.669443	0.846943
4	0.464924	0.774376	0.274376	0.492518	0.763122	0.263122	0.793637	0.704149	0.820830
5	0.449075	0.786126	0.286126	0.490257	0.760909	0.260909	0.825588	0.654944	0.864604
6	0.438294	0.791848	0.291848	0.493151	0.758010	0.258010	0.872776	0.597871	0.914717
7	0.425663	0.798524	0.298524	0.500223	0.761901	0.261901	0.775303	0.730217	0.792906
8	0.414959	0.805962	0.305962	0.493320	0.768691	0.268691	0.780523	0.740552	0.796226
9	0.404332	0.811933	0.311933	0.489040	0.767089	0.267089	0.818300	0.680086	0.852226
10	0.393627	0.818246	0.318246	0.494170	0.771056	0.271056	0.816201	0.693198	0.847245
11	0.382704	0.824331	0.324331	0.512021	0.757019	0.257019	0.838465	0.630110	0.881208
12	0.372460	0.828889	0.328889	0.512510	0.760528	0.260528	0.823279	0.656795	0.862038
13	0.363121	0.834134	0.334134	0.534911	0.758468	0.258468	0.771930	0.726207	0.790038
14	0.351258	0.841688	0.341688	0.530422	0.757324	0.257324	0.798338	0.681475	0.831547
15	0.338599	0.847295	0.347295	0.560345	0.759078	0.259078	0.773753	0.724819	0.792604
16	0.326601	0.854314	0.354314	0.573809	0.747635	0.247635	0.773660	0.692272	0.801811
17	0.315721	0.859884	0.359884	0.585909	0.750000	0.250000	0.783016	0.684097	0.814491
18	0.303155	0.866178	0.366178	0.620554	0.751755	0.251755	0.771208	0.708160	0.794415
19	0.292121	0.870661	0.370661	0.619560	0.745880	0.245880	0.803661	0.643375	0.846189
20	0.281528	0.878080	0.378080	0.674763	0.745804	0.245804	0.754977	0.719574	0.771472
