=== TRAINING REPORT ===

[CONFIG]
data_path: ../Ciphers/Gift-64/gift64_R1_r5_s300.npz
model: mlp
batch_size: 128
lr: 0.001
epochs: 20
train_split: 0.8
split_seed: 1234
device: cpu

[DATASET METADATA]
key: 1512366075204170929049582354406559215
seed: 300
rounds: 5
delta: 1

[DATA SHAPES]
train_size: 209715
test_size: 52429
num_rows: 1
block_size: 64
trainable_parameters: 49665

[SUMMARY]
best_test_acc: 0.785539
best_test_adv: 0.285539
best_epoch: 10
best_epoch_train_acc: 0.805898
best_epoch_train_loss: 0.412047
best_epoch_test_loss: 0.454822
final_train_acc: 0.833197
final_test_acc: 0.771214
final_train_loss: 0.362174
final_test_loss: 0.508717
final_test_adv: 0.271214
max_overfit_gap_train_minus_test_acc: 0.061983
epoch_min_test_loss: 5
min_test_loss: 0.449395

[FINAL CONFUSION COUNTS]
TP: 18213
TN: 22221
FP: 4062
FN: 7933
precision: 0.817643
recall: 0.696588
specificity: 0.845451

[EPOCH-BY-EPOCH]
epoch	train_loss	train_acc	train_adv	test_loss	test_acc	test_adv	test_precision	test_recall	test_specificity
1	0.521615	0.732141	0.232141	0.481265	0.763413	0.263413	0.850633	0.637535	0.888635
2	0.460485	0.777503	0.277503	0.457527	0.779530	0.279530	0.822736	0.711122	0.847582
3	0.447996	0.785585	0.285585	0.451066	0.782620	0.282620	0.842379	0.693949	0.870829
4	0.441337	0.788432	0.288432	0.456861	0.780045	0.280045	0.873798	0.653293	0.906137
5	0.435717	0.792862	0.292862	0.449395	0.784966	0.284966	0.837387	0.705882	0.863638
6	0.431273	0.794836	0.294836	0.452520	0.784699	0.284699	0.816047	0.733650	0.835483
7	0.425841	0.798803	0.298803	0.453191	0.784337	0.284337	0.826893	0.717815	0.850512
8	0.421761	0.800567	0.300567	0.454792	0.783536	0.283536	0.848575	0.688863	0.877716
9	0.416386	0.804077	0.304077	0.453791	0.785424	0.285424	0.845006	0.697698	0.872693
10	0.412047	0.805898	0.305898	0.454822	0.785539	0.285539	0.833557	0.712155	0.858540
11	0.406869	0.808717	0.308717	0.463544	0.783345	0.283345	0.810978	0.737436	0.829015
12	0.402358	0.811663	0.311663	0.461829	0.782601	0.282601	0.829874	0.709516	0.855306
13	0.397993	0.813900	0.313900	0.467589	0.781800	0.281800	0.830116	0.707183	0.856029
14	0.392996	0.816894	0.316894	0.475709	0.774419	0.274419	0.793218	0.740763	0.807899
15	0.388354	0.819298	0.319298	0.471336	0.779168	0.279168	0.819446	0.714641	0.843359
16	0.383381	0.822483	0.322483	0.480045	0.777947	0.277947	0.809782	0.725044	0.830575
17	0.377831	0.825373	0.325373	0.490205	0.776936	0.276936	0.826016	0.700184	0.853289
18	0.373043	0.827533	0.327533	0.492585	0.774686	0.274686	0.838601	0.678842	0.870030
19	0.367690	0.830284	0.330284	0.497077	0.773332	0.273332	0.814279	0.706647	0.839668
20	0.362174	0.833197	0.333197	0.508717	0.771214	0.271214	0.817643	0.696588	0.845451
