=== TRAINING REPORT ===

[CONFIG]
data_path: ../Ciphers/Speck-64/speck64_R2_r5_s823470979.npz
model: resnet
batch_size: 128
lr: 0.001
epochs: 20
train_split: 0.8
split_seed: 1234
device: cpu

[DATASET METADATA]
key: 116283435610199060485784269980219577021
seed: 823470979
rounds: 5
deltas: [0, 15, 128, 32768, 2147483648, 281474976710656, 32896, 72057594037927937]

[DATA SHAPES]
train_size: 52428
test_size: 13108
num_rows: 7
block_size: 64
trainable_parameters: 125505

[SUMMARY]
best_test_acc: 0.835825
best_test_adv: 0.335825
best_epoch: 5
best_epoch_train_acc: 0.854257
best_epoch_train_loss: 0.335106
best_epoch_test_loss: 0.373944
final_train_acc: 0.969673
final_test_acc: 0.798978
final_train_loss: 0.077546
final_test_loss: 0.781300
final_test_adv: 0.298978
max_overfit_gap_train_minus_test_acc: 0.173670
epoch_min_test_loss: 5
min_test_loss: 0.373944

[FINAL CONFUSION COUNTS]
TP: 5111
TN: 5362
FP: 1141
FN: 1494
precision: 0.817498
recall: 0.773808
specificity: 0.824543

[EPOCH-BY-EPOCH]
epoch	train_loss	train_acc	train_adv	test_loss	test_acc	test_adv	test_precision	test_recall	test_specificity
1	0.526330	0.732967	0.232967	0.450533	0.790967	0.290967	0.817167	0.753823	0.828694
2	0.404909	0.817864	0.317864	0.419315	0.810574	0.310574	0.771113	0.887509	0.732431
3	0.368260	0.836652	0.336652	0.402006	0.815990	0.315990	0.781598	0.880999	0.749962
4	0.350154	0.846647	0.346647	0.394139	0.825145	0.325145	0.892734	0.742165	0.909426
5	0.335106	0.854257	0.354257	0.373944	0.835825	0.335825	0.872511	0.789553	0.882823
6	0.320863	0.863222	0.363222	0.389719	0.824764	0.324764	0.799084	0.871310	0.777487
7	0.306288	0.869974	0.369974	0.382361	0.830790	0.330790	0.847018	0.810598	0.851299
8	0.290481	0.876555	0.376555	0.397200	0.827739	0.327739	0.866712	0.777744	0.878518
9	0.273126	0.885500	0.385500	0.404282	0.825832	0.325832	0.816491	0.844058	0.807320
10	0.256265	0.893149	0.393149	0.458373	0.814998	0.314998	0.784741	0.872067	0.757035
11	0.232299	0.904002	0.404002	0.451801	0.817287	0.317287	0.812965	0.827858	0.806551
12	0.212011	0.912566	0.412566	0.467588	0.816295	0.316295	0.829487	0.799849	0.833000
13	0.186940	0.924048	0.424048	0.572285	0.801953	0.301953	0.875304	0.707797	0.897586
14	0.164271	0.934005	0.434005	0.598837	0.793637	0.293637	0.756174	0.871461	0.714593
15	0.140433	0.944724	0.444724	0.677553	0.792264	0.292264	0.754324	0.871612	0.711672
16	0.121809	0.953098	0.453098	0.653333	0.799741	0.299741	0.778088	0.842998	0.755805
17	0.109605	0.956855	0.456855	0.712508	0.802411	0.302411	0.787566	0.832400	0.771951
18	0.086200	0.966392	0.466392	0.894986	0.792722	0.292722	0.862146	0.700681	0.886206
19	0.085184	0.967498	0.467498	0.822731	0.798825	0.298825	0.840542	0.741408	0.857143
20	0.077546	0.969673	0.469673	0.781300	0.798978	0.298978	0.817498	0.773808	0.824543
