=== TRAINING REPORT ===

[CONFIG]
data_path: ../Ciphers/Speck-64/speck64_R2_r5_s823470979.npz
model: mlp
batch_size: 128
lr: 0.001
epochs: 20
train_split: 0.8
split_seed: 1234
device: cpu

[DATASET METADATA]
key: 116283435610199060485784269980219577021
seed: 823470979
rounds: 5
deltas: [0, 15, 128, 32768, 2147483648, 281474976710656, 32896, 72057594037927937]

[DATA SHAPES]
train_size: 52428
test_size: 13108
num_rows: 7
block_size: 64
trainable_parameters: 147969

[SUMMARY]
best_test_acc: 0.877861
best_test_adv: 0.377861
best_epoch: 18
best_epoch_train_acc: 0.986591
best_epoch_train_loss: 0.034675
best_epoch_test_loss: 0.590854
final_train_acc: 0.984150
final_test_acc: 0.877861
final_train_loss: 0.041603
final_test_loss: 0.603360
final_test_adv: 0.377861
max_overfit_gap_train_minus_test_acc: 0.126200
epoch_min_test_loss: 8
min_test_loss: 0.329156

[FINAL CONFUSION COUNTS]
TP: 5712
TN: 5795
FP: 708
FN: 893
precision: 0.889720
recall: 0.864799
specificity: 0.891127

[EPOCH-BY-EPOCH]
epoch	train_loss	train_acc	train_adv	test_loss	test_acc	test_adv	test_precision	test_recall	test_specificity
1	0.502779	0.751259	0.251259	0.477011	0.768538	0.268538	0.886221	0.620288	0.919114
2	0.462748	0.778077	0.278077	0.445904	0.784864	0.284864	0.885046	0.658592	0.913117
3	0.413298	0.810502	0.310502	0.399250	0.820949	0.320949	0.842724	0.792581	0.849762
4	0.354662	0.844167	0.344167	0.363288	0.838038	0.338038	0.893296	0.770628	0.906505
5	0.304260	0.869383	0.369383	0.346650	0.848489	0.348489	0.845889	0.855110	0.841765
6	0.258060	0.891260	0.391260	0.333577	0.860085	0.360085	0.868645	0.851022	0.869291
7	0.211426	0.913500	0.413500	0.331275	0.866723	0.366723	0.913236	0.812718	0.921575
8	0.180186	0.927653	0.427653	0.329156	0.872597	0.372597	0.880376	0.864648	0.880670
9	0.145670	0.943122	0.443122	0.350094	0.873207	0.373207	0.915867	0.824073	0.923112
10	0.125515	0.951247	0.451247	0.357894	0.870003	0.370003	0.860845	0.885087	0.854682
11	0.100939	0.961910	0.461910	0.381668	0.868554	0.368554	0.854900	0.890235	0.846532
12	0.088811	0.966659	0.466659	0.442286	0.871147	0.371147	0.858727	0.890840	0.851146
13	0.078939	0.970169	0.470169	0.436831	0.871071	0.371071	0.873310	0.870401	0.871751
14	0.065016	0.976234	0.476234	0.520465	0.863290	0.363290	0.924651	0.793338	0.934338
15	0.055497	0.979629	0.479629	0.589552	0.855890	0.355890	0.817875	0.918547	0.792250
16	0.051475	0.980621	0.480621	0.510664	0.870003	0.370003	0.869998	0.872369	0.867600
17	0.040941	0.984665	0.484665	0.562104	0.871453	0.371453	0.875573	0.868282	0.874673
18	0.034675	0.986591	0.486591	0.590854	0.877861	0.377861	0.891795	0.862226	0.893741
19	0.039326	0.985370	0.485370	0.663838	0.859170	0.359170	0.829343	0.907192	0.810395
20	0.041603	0.984150	0.484150	0.603360	0.877861	0.377861	0.889720	0.864799	0.891127
