=== TRAINING REPORT ===

[CONFIG]
data_path: ../Ciphers/Speck-64/speck64_R1_r5_s823470979.npz
model: conv
batch_size: 128
lr: 0.001
epochs: 20
train_split: 0.8
split_seed: 1234
device: cpu

[DATASET METADATA]
key: 116283435610199060485784269980219577021
seed: 823470979
rounds: 5
delta: 15

[DATA SHAPES]
train_size: 52428
test_size: 13108
num_rows: 1
block_size: 64
trainable_parameters: 12929

[SUMMARY]
best_test_acc: 0.506561
best_test_adv: 0.006561
best_epoch: 12
best_epoch_train_acc: 0.504234
best_epoch_train_loss: 0.693272
best_epoch_test_loss: 0.693110
final_train_acc: 0.500553
final_test_acc: 0.498016
final_train_loss: 0.693331
final_test_loss: 0.693362
final_test_adv: -0.001984
max_overfit_gap_train_minus_test_acc: 0.008182
epoch_min_test_loss: 15
min_test_loss: 0.693048

[FINAL CONFUSION COUNTS]
TP: 1147
TN: 5381
FP: 1122
FN: 5458
precision: 0.505509
recall: 0.173656
specificity: 0.827464

[EPOCH-BY-EPOCH]
epoch	train_loss	train_acc	train_adv	test_loss	test_acc	test_adv	test_precision	test_recall	test_specificity
1	0.693968	0.498856	-0.001144	0.693140	0.501831	0.001831	0.505813	0.494020	0.509765
2	0.693526	0.503567	0.003567	0.693099	0.500839	0.000839	0.503733	0.633308	0.366292
3	0.693590	0.503586	0.003586	0.694478	0.495728	-0.004272	0.368421	0.001060	0.998155
4	0.693580	0.498569	-0.001431	0.695615	0.496109	-0.003891	0.000000	0.000000	1.000000
5	0.693561	0.502575	0.002575	0.693120	0.501068	0.001068	0.504741	0.523846	0.477933
6	0.693415	0.499886	-0.000114	0.693508	0.496720	-0.003280	0.503724	0.081908	0.918038
7	0.693362	0.500954	0.000954	0.693200	0.505340	0.005340	0.506248	0.742165	0.264801
8	0.693406	0.504101	0.004101	0.693254	0.504348	0.004348	0.504130	0.997880	0.003076
9	0.693308	0.502499	0.002499	0.694476	0.496033	-0.003967	0.000000	0.000000	0.999846
10	0.693428	0.502556	0.002556	0.693134	0.505798	0.005798	0.506551	0.743376	0.264493
11	0.693400	0.503300	0.003300	0.694351	0.503891	0.003891	0.503891	1.000000	0.000000
12	0.693272	0.504234	0.004234	0.693110	0.506561	0.006561	0.508692	0.606964	0.404583
13	0.693341	0.501507	0.001507	0.693231	0.503509	0.003509	0.524483	0.157305	0.855144
14	0.693299	0.500935	0.000935	0.693077	0.505722	0.005722	0.506356	0.759879	0.247578
15	0.693282	0.503586	0.003586	0.693048	0.506332	0.006332	0.507059	0.728690	0.280486
16	0.693306	0.504292	0.004292	0.694448	0.496109	-0.003891	0.500000	0.000454	0.999539
17	0.693289	0.502594	0.002594	0.693390	0.499542	-0.000458	0.516222	0.108403	0.896817
18	0.693289	0.501774	0.001774	0.693296	0.504806	0.004806	0.504376	0.994701	0.007227
19	0.693460	0.501411	0.001411	0.693247	0.499237	-0.000763	0.503063	0.509765	0.488544
20	0.693331	0.500553	0.000553	0.693362	0.498016	-0.001984	0.505509	0.173656	0.827464
