=== TRAINING REPORT ===

[CONFIG]
data_path: ../Ciphers/Speck-64/speck64_R1_r5_s823470979.npz
model: mlp
batch_size: 128
lr: 0.001
epochs: 20
train_split: 0.8
split_seed: 1234
device: cpu

[DATASET METADATA]
key: 116283435610199060485784269980219577021
seed: 823470979
rounds: 5
delta: 15

[DATA SHAPES]
train_size: 52428
test_size: 13108
num_rows: 1
block_size: 64
trainable_parameters: 49665

[SUMMARY]
best_test_acc: 0.636253
best_test_adv: 0.136253
best_epoch: 3
best_epoch_train_acc: 0.634585
best_epoch_train_loss: 0.651555
best_epoch_test_loss: 0.661598
final_train_acc: 0.788052
final_test_acc: 0.559506
final_train_loss: 0.449447
final_test_loss: 0.884235
final_test_adv: 0.059506
max_overfit_gap_train_minus_test_acc: 0.228547
epoch_min_test_loss: 4
min_test_loss: 0.656296

[FINAL CONFUSION COUNTS]
TP: 3729
TN: 3605
FP: 2898
FN: 2876
precision: 0.562698
recall: 0.564572
specificity: 0.554360

[EPOCH-BY-EPOCH]
epoch	train_loss	train_acc	train_adv	test_loss	test_acc	test_adv	test_precision	test_recall	test_specificity
1	0.690788	0.521725	0.021725	0.677128	0.587275	0.087275	0.604917	0.521575	0.654006
2	0.664779	0.613680	0.113680	0.657876	0.627785	0.127785	0.641661	0.591824	0.664309
3	0.651555	0.634585	0.134585	0.661598	0.636253	0.136253	0.669184	0.550038	0.723820
4	0.645615	0.641318	0.141318	0.656296	0.630607	0.130607	0.650658	0.576382	0.685684
5	0.640010	0.646181	0.146181	0.661913	0.631980	0.131980	0.653667	0.573505	0.691373
6	0.633927	0.650092	0.150092	0.662637	0.631752	0.131752	0.656239	0.565329	0.699216
7	0.627059	0.656348	0.156348	0.667021	0.621147	0.121147	0.628791	0.605753	0.636783
8	0.617360	0.665389	0.165389	0.682922	0.612527	0.112527	0.626913	0.570628	0.655082
9	0.607567	0.671740	0.171740	0.689426	0.609094	0.109094	0.615110	0.599092	0.619253
10	0.595786	0.683165	0.183165	0.696856	0.603830	0.103830	0.607132	0.605753	0.601876
11	0.583331	0.690929	0.190929	0.710518	0.602151	0.102151	0.602689	0.617562	0.586499
12	0.571003	0.702754	0.202754	0.719353	0.591700	0.091700	0.591553	0.612869	0.570198
13	0.557676	0.712863	0.212863	0.742897	0.587046	0.087046	0.588690	0.598940	0.574965
14	0.542942	0.722858	0.222858	0.757194	0.581935	0.081935	0.578704	0.626192	0.536983
15	0.527932	0.734474	0.234474	0.776119	0.572627	0.072627	0.570743	0.612566	0.532062
16	0.513771	0.743687	0.243687	0.786515	0.575679	0.075679	0.580317	0.570477	0.580963
17	0.497810	0.757038	0.257038	0.809898	0.572551	0.072551	0.579322	0.553974	0.591419
18	0.481143	0.767319	0.267319	0.839805	0.567592	0.067592	0.566426	0.604845	0.529755
19	0.466473	0.778115	0.278115	0.862045	0.560574	0.060574	0.559482	0.601665	0.518837
20	0.449447	0.788052	0.288052	0.884235	0.559506	0.059506	0.562698	0.564572	0.554360
