=== TRAINING REPORT ===

[CONFIG]
data_path: ../Ciphers/Speck-64/speck64_R1_r5_s823470979.npz
model: resnet
batch_size: 128
lr: 0.001
epochs: 20
train_split: 0.8
split_seed: 1234
device: cpu

[DATASET METADATA]
key: 116283435610199060485784269980219577021
seed: 823470979
rounds: 5
delta: 15

[DATA SHAPES]
train_size: 52428
test_size: 13108
num_rows: 1
block_size: 64
trainable_parameters: 125121

[SUMMARY]
best_test_acc: 0.513961
best_test_adv: 0.013961
best_epoch: 13
best_epoch_train_acc: 0.510090
best_epoch_train_loss: 0.693359
best_epoch_test_loss: 0.693013
final_train_acc: 0.508812
final_test_acc: 0.499924
final_train_loss: 0.693205
final_test_loss: 0.694170
final_test_adv: -0.000076
max_overfit_gap_train_minus_test_acc: 0.013199
epoch_min_test_loss: 13
min_test_loss: 0.693013

[FINAL CONFUSION COUNTS]
TP: 1062
TN: 5491
FP: 1012
FN: 5543
precision: 0.512054
recall: 0.160787
specificity: 0.844380

[EPOCH-BY-EPOCH]
epoch	train_loss	train_acc	train_adv	test_loss	test_acc	test_adv	test_precision	test_recall	test_specificity
1	0.697613	0.500305	0.000305	0.703300	0.496033	-0.003967	0.493151	0.005450	0.994310
2	0.695027	0.500572	0.000572	0.694264	0.498856	-0.001144	0.532967	0.044058	0.960787
3	0.695113	0.502098	0.002098	0.693344	0.502899	0.002899	0.503907	0.868887	0.131170
4	0.694067	0.506352	0.006352	0.694376	0.504806	0.004806	0.504492	0.969114	0.033215
5	0.694187	0.504215	0.004215	0.693568	0.506179	0.006179	0.505380	0.938683	0.066892
6	0.693731	0.504940	0.004940	0.694952	0.497559	-0.002441	0.522565	0.033308	0.969091
7	0.694259	0.504864	0.004864	0.693620	0.508773	0.008773	0.525445	0.259500	0.761956
8	0.694040	0.503223	0.003223	0.700832	0.503891	0.003891	0.503891	1.000000	0.000000
9	0.694092	0.504349	0.004349	0.698050	0.503891	0.003891	0.503891	1.000000	0.000000
10	0.694001	0.503281	0.003281	0.695179	0.499237	-0.000763	0.522854	0.071007	0.934184
11	0.693988	0.505035	0.005035	0.693469	0.499466	-0.000534	0.505319	0.316427	0.685376
12	0.693933	0.504788	0.004788	0.693939	0.496033	-0.003967	0.499575	0.089023	0.909426
13	0.693359	0.510090	0.010090	0.693013	0.513961	0.013961	0.512259	0.740197	0.284177
14	0.693936	0.501793	0.001793	0.693415	0.505340	0.005340	0.510813	0.432702	0.579117
15	0.693732	0.506027	0.006027	0.695214	0.504120	0.004120	0.504020	0.996669	0.003844
16	0.693572	0.508049	0.008049	0.693387	0.507019	0.007019	0.508180	0.672521	0.338920
17	0.693363	0.507038	0.007038	0.693121	0.508773	0.008773	0.512610	0.510825	0.506689
18	0.693614	0.507916	0.007916	0.694462	0.496338	-0.003662	0.501577	0.072218	0.927111
19	0.693238	0.511215	0.011215	0.694274	0.498016	-0.001984	0.508372	0.114913	0.887129
20	0.693205	0.508812	0.008812	0.694170	0.499924	-0.000076	0.512054	0.160787	0.844380
