=== TRAINING REPORT ===

[CONFIG]
data_path: ../Ciphers/Speck-64/speck64_R2_r5_s823470979.npz
model: conv
batch_size: 128
lr: 0.001
epochs: 20
train_split: 0.8
split_seed: 1234
device: cpu

[DATASET METADATA]
key: 116283435610199060485784269980219577021
seed: 823470979
rounds: 5
deltas: [0, 15, 128, 32768, 2147483648, 281474976710656, 32896, 72057594037927937]

[DATA SHAPES]
train_size: 52428
test_size: 13108
num_rows: 7
block_size: 64
trainable_parameters: 14081

[SUMMARY]
best_test_acc: 0.767470
best_test_adv: 0.267470
best_epoch: 17
best_epoch_train_acc: 0.786564
best_epoch_train_loss: 0.456784
best_epoch_test_loss: 0.487280
final_train_acc: 0.791791
final_test_acc: 0.746414
final_train_loss: 0.450303
final_test_loss: 0.514098
final_test_adv: 0.246414
max_overfit_gap_train_minus_test_acc: 0.050425
epoch_min_test_loss: 17
min_test_loss: 0.487280

[FINAL CONFUSION COUNTS]
TP: 5656
TN: 4128
FP: 2375
FN: 949
precision: 0.704271
recall: 0.856321
specificity: 0.634784

[EPOCH-BY-EPOCH]
epoch	train_loss	train_acc	train_adv	test_loss	test_acc	test_adv	test_precision	test_recall	test_specificity
1	0.627969	0.642710	0.142710	0.600947	0.672338	0.172338	0.656123	0.734898	0.608796
2	0.581809	0.694553	0.194553	0.569001	0.708346	0.208346	0.749194	0.633157	0.784715
3	0.556178	0.714981	0.214981	0.625539	0.664556	0.164556	0.871467	0.392127	0.941258
4	0.539052	0.729725	0.229725	0.536636	0.728639	0.228639	0.731893	0.728236	0.729048
5	0.525232	0.740101	0.240101	0.526209	0.737565	0.237565	0.725652	0.770477	0.704137
6	0.512716	0.749351	0.249351	0.564228	0.714449	0.214449	0.841527	0.533838	0.897893
7	0.502738	0.757286	0.257286	0.514018	0.748398	0.248398	0.768643	0.716276	0.781024
8	0.496240	0.760681	0.260681	0.505767	0.752365	0.252365	0.760347	0.742619	0.762264
9	0.488398	0.767338	0.267338	0.512787	0.750076	0.250076	0.813997	0.653293	0.848378
10	0.482514	0.771286	0.271286	0.514337	0.744660	0.244660	0.712552	0.826798	0.661233
11	0.477200	0.773613	0.273613	0.501529	0.758697	0.258697	0.758021	0.765481	0.751807
12	0.472867	0.776875	0.276875	0.496556	0.759689	0.259689	0.755888	0.772597	0.746579
13	0.469500	0.779889	0.279889	0.500142	0.757400	0.257400	0.807837	0.680394	0.835614
14	0.466179	0.781338	0.281338	0.508013	0.750305	0.250305	0.717267	0.832702	0.666615
15	0.462287	0.785363	0.285363	0.491426	0.761596	0.261596	0.772642	0.746556	0.776872
16	0.461056	0.785172	0.285172	0.491149	0.763579	0.263579	0.786157	0.729145	0.798555
17	0.456784	0.786564	0.286564	0.487280	0.767470	0.267470	0.792372	0.729750	0.805782
18	0.452862	0.790017	0.290017	0.488707	0.766631	0.266631	0.777031	0.752914	0.780563
19	0.452010	0.790093	0.290093	0.514494	0.747254	0.247254	0.705339	0.856018	0.636783
20	0.450303	0.791791	0.291791	0.514098	0.746414	0.246414	0.704271	0.856321	0.634784
