=== TRAINING REPORT ===

[CONFIG]
data_path: ../Ciphers/Speck-64/Database/speck64_R2_r6_s3067982204.npz
model: resnet
batch_size: 128
lr: 0.001
epochs: 20
train_split: 0.8
split_seed: 1234
device: cpu

[DATASET METADATA]
key: 11237905005811331509669910174386551235
seed: 3067982204
rounds: 6
deltas: [0, 1, 2, 16, 4294967297, 65544, 51, 3855]

[DATA SHAPES]
train_size: 52428
test_size: 13108
num_rows: 7
block_size: 64
trainable_parameters: 125505

[SUMMARY]
best_test_acc: 0.506637
best_test_adv: 0.006637
best_epoch: 15
best_epoch_train_acc: 0.771801
best_epoch_train_loss: 0.477003
best_epoch_test_loss: 0.977778
final_train_acc: 0.889696
final_test_acc: 0.500076
final_train_loss: 0.261818
final_test_loss: 1.798134
final_test_adv: 0.000076
max_overfit_gap_train_minus_test_acc: 0.389620
epoch_min_test_loss: 3
min_test_loss: 0.694251

[FINAL CONFUSION COUNTS]
TP: 5132
TN: 1423
FP: 5046
FN: 1507
precision: 0.504225
recall: 0.773008
specificity: 0.219972

[EPOCH-BY-EPOCH]
epoch	train_loss	train_acc	train_adv	test_loss	test_acc	test_adv	test_precision	test_recall	test_specificity
1	0.696188	0.500534	0.000534	0.696453	0.498398	-0.001602	0.525437	0.099563	0.907714
2	0.695034	0.507858	0.007858	0.700381	0.506485	0.006485	0.506485	1.000000	0.000000
3	0.693589	0.515774	0.015774	0.694251	0.500915	0.000915	0.505177	0.712909	0.283351
4	0.691246	0.531319	0.031319	0.703432	0.497711	-0.002289	0.541730	0.053773	0.953316
5	0.688927	0.536984	0.036984	0.696462	0.501755	0.001755	0.508150	0.507155	0.496213
6	0.685854	0.546941	0.046941	0.708707	0.504501	0.004501	0.505847	0.938244	0.059360
7	0.680597	0.562829	0.062829	0.706093	0.503586	0.003586	0.512061	0.422052	0.587262
8	0.672168	0.582322	0.082322	0.715779	0.503280	0.003280	0.507958	0.615304	0.388313
9	0.660021	0.604009	0.104009	0.723651	0.503738	0.003738	0.509778	0.526133	0.480754
10	0.643140	0.627546	0.127546	0.729565	0.502746	0.002746	0.507448	0.620877	0.381512
11	0.617690	0.658179	0.158179	0.808624	0.494660	-0.005340	0.502509	0.226239	0.770134
12	0.589151	0.685607	0.185607	0.802683	0.500458	0.000458	0.507395	0.470252	0.531458
13	0.554883	0.716926	0.216926	0.834670	0.503967	0.003967	0.511261	0.468444	0.540424
14	0.515968	0.745270	0.245270	0.896869	0.497788	-0.002212	0.504828	0.441030	0.556036
15	0.477003	0.771801	0.271801	0.977778	0.506637	0.006637	0.510501	0.629764	0.380275
16	0.432462	0.798047	0.298047	1.077339	0.502441	0.002441	0.507037	0.634885	0.366517
17	0.390337	0.822595	0.322595	1.146278	0.497635	-0.002365	0.504647	0.441633	0.555109
18	0.348581	0.846742	0.346742	1.266046	0.503128	0.003128	0.512416	0.391625	0.617561
19	0.301926	0.869516	0.369516	1.580654	0.497482	-0.002518	0.508547	0.233017	0.768898
20	0.261818	0.889696	0.389696	1.798134	0.500076	0.000076	0.504225	0.773008	0.219972
