=== TRAINING REPORT ===

[CONFIG]
data_path: ../Ciphers/Speck-64/Database/speck64_R1_r6_s3067982204.npz
model: conv
batch_size: 128
lr: 0.001
epochs: 20
train_split: 0.8
split_seed: 1234
device: cpu

[DATASET METADATA]
key: 11237905005811331509669910174386551235
seed: 3067982204
rounds: 6
delta: 1

[DATA SHAPES]
train_size: 52428
test_size: 13108
num_rows: 1
block_size: 64
trainable_parameters: 12929

[SUMMARY]
best_test_acc: 0.506408
best_test_adv: 0.006408
best_epoch: 1
best_epoch_train_acc: 0.497711
best_epoch_train_loss: 0.694017
best_epoch_test_loss: 0.693284
final_train_acc: 0.500935
final_test_acc: 0.500000
final_train_loss: 0.693367
final_test_loss: 0.693260
final_test_adv: 0.000000
max_overfit_gap_train_minus_test_acc: 0.012016
epoch_min_test_loss: 20
min_test_loss: 0.693260

[FINAL CONFUSION COUNTS]
TP: 5116
TN: 1438
FP: 5031
FN: 1523
precision: 0.504188
recall: 0.770598
specificity: 0.222291

[EPOCH-BY-EPOCH]
epoch	train_loss	train_acc	train_adv	test_loss	test_acc	test_adv	test_precision	test_recall	test_specificity
1	0.694017	0.497711	-0.002289	0.693284	0.506408	0.006408	0.506449	0.999548	0.000309
2	0.693739	0.501640	0.001640	0.693816	0.495194	-0.004806	0.504576	0.182708	0.815891
3	0.693448	0.502823	0.002823	0.693277	0.500229	0.000229	0.504893	0.683838	0.311795
4	0.693542	0.501144	0.001144	0.693759	0.495346	-0.004654	0.526667	0.035698	0.967074
5	0.693550	0.499409	-0.000591	0.693409	0.494812	-0.005188	0.501119	0.573128	0.414438
6	0.693475	0.500076	0.000076	0.693466	0.498093	-0.001907	0.517007	0.137370	0.868295
7	0.693564	0.502117	0.002117	0.693493	0.505874	0.005874	0.506189	0.997891	0.000928
8	0.693555	0.500534	0.000534	0.694458	0.493439	-0.006561	0.480000	0.001808	0.997990
9	0.693403	0.505455	0.005455	0.693288	0.497635	-0.002365	0.505127	0.400663	0.597156
10	0.693446	0.499714	-0.000286	0.693591	0.494431	-0.005569	0.507264	0.063112	0.937085
11	0.693355	0.502155	0.002155	0.693521	0.491761	-0.008239	0.495761	0.202591	0.788530
12	0.693520	0.499847	-0.000153	0.693800	0.492600	-0.007400	0.475806	0.017774	0.979904
13	0.693352	0.501164	0.001164	0.693370	0.492981	-0.007019	0.498901	0.239343	0.753285
14	0.693542	0.498341	-0.001659	0.693398	0.494202	-0.005798	0.501295	0.262389	0.732107
15	0.693417	0.502117	0.002117	0.694036	0.493592	-0.006408	0.521739	0.001808	0.998300
16	0.693488	0.498665	-0.001335	0.693265	0.496491	-0.003509	0.503572	0.414068	0.581079
17	0.693274	0.504730	0.004730	0.695498	0.493515	-0.006485	0.000000	0.000000	1.000000
18	0.693393	0.504005	0.004005	0.694073	0.495194	-0.004806	0.526570	0.032836	0.969702
19	0.693375	0.503929	0.003929	0.693470	0.491913	-0.008087	0.497124	0.273385	0.716185
20	0.693367	0.500935	0.000935	0.693260	0.500000	0.000000	0.504188	0.770598	0.222291
