=== TRAINING REPORT ===

[CONFIG]
data_path: ../Ciphers/Speck-64/speck64_R1_r9_s1122436491.npz
model: mlp
batch_size: 128
lr: 0.001
epochs: 20
train_split: 0.8
split_seed: 1234
device: cpu

[DATASET METADATA]
key: 275167882189178018328046883007170415554
seed: 1122436491
rounds: 9
delta: 1

[DATA SHAPES]
train_size: 52428
test_size: 13108
num_rows: 1
block_size: 64
trainable_parameters: 49665

[SUMMARY]
best_test_acc: 0.504806
best_test_adv: 0.004806
best_epoch: 20
best_epoch_train_acc: 0.799592
best_epoch_train_loss: 0.435408
best_epoch_test_loss: 0.986616
final_train_acc: 0.799592
final_test_acc: 0.504806
final_train_loss: 0.435408
final_test_loss: 0.986616
final_test_adv: 0.004806
max_overfit_gap_train_minus_test_acc: 0.294786
epoch_min_test_loss: 1
min_test_loss: 0.693196

[FINAL CONFUSION COUNTS]
TP: 3580
TN: 3037
FP: 3506
FN: 2985
precision: 0.505222
recall: 0.545316
specificity: 0.464160

[EPOCH-BY-EPOCH]
epoch	train_loss	train_acc	train_adv	test_loss	test_acc	test_adv	test_precision	test_recall	test_specificity
1	0.693500	0.498226	-0.001774	0.693196	0.497330	-0.002670	0.498922	0.846154	0.147333
2	0.693082	0.507362	0.007362	0.693481	0.496262	-0.003738	0.477752	0.062148	0.931836
3	0.692611	0.512417	0.012417	0.693862	0.493744	-0.006256	0.494601	0.495354	0.492129
4	0.691637	0.521916	0.021916	0.696259	0.496186	-0.003814	0.492057	0.184006	0.809415
5	0.689347	0.533570	0.033570	0.698304	0.495575	-0.004425	0.497366	0.675857	0.314687
6	0.684363	0.551061	0.051061	0.699749	0.497101	-0.002899	0.496757	0.315004	0.679810
7	0.677423	0.569982	0.069982	0.707344	0.497254	-0.002746	0.497503	0.379436	0.615467
8	0.667774	0.586614	0.086614	0.718646	0.497559	-0.002441	0.497678	0.342727	0.652912
9	0.656758	0.605821	0.105821	0.720947	0.502365	0.002365	0.503924	0.410815	0.594223
10	0.641660	0.623445	0.123445	0.737415	0.501068	0.001068	0.501709	0.559025	0.442916
11	0.626464	0.643435	0.143435	0.750513	0.495499	-0.004501	0.496005	0.453922	0.537215
12	0.609177	0.661879	0.161879	0.780449	0.499695	-0.000305	0.500424	0.628941	0.370014
13	0.587953	0.684424	0.184424	0.790461	0.501221	0.001221	0.502584	0.400000	0.602782
14	0.567288	0.701266	0.201266	0.800214	0.500534	0.000534	0.501553	0.442650	0.558612
15	0.544639	0.721218	0.221218	0.830199	0.503662	0.003662	0.504798	0.472810	0.534617
16	0.521751	0.738136	0.238136	0.853261	0.492981	-0.007019	0.493883	0.498096	0.487850
17	0.499602	0.755360	0.255360	0.888550	0.499085	-0.000915	0.499926	0.513176	0.484946
18	0.479614	0.768368	0.268368	0.898511	0.501373	0.001373	0.502248	0.493374	0.509399
19	0.456453	0.784161	0.284161	0.937917	0.499085	-0.000915	0.499913	0.435491	0.562892
20	0.435408	0.799592	0.299592	0.986616	0.504806	0.004806	0.505222	0.545316	0.464160
