=== TRAINING REPORT ===

[CONFIG]
data_path: ../Ciphers/Speck-64/Database/speck64_R1_r5_s2078877062.npz
model: conv
batch_size: 128
lr: 0.001
epochs: 20
train_split: 0.8
split_seed: 1234
device: cpu

[DATASET METADATA]
key: 132700422768683919029096291343433878185
seed: 2078877062
rounds: 5
delta: 1

[DATA SHAPES]
train_size: 52428
test_size: 13108
num_rows: 1
block_size: 64
trainable_parameters: 12929

[SUMMARY]
best_test_acc: 0.541196
best_test_adv: 0.041196
best_epoch: 6
best_epoch_train_acc: 0.532177
best_epoch_train_loss: 0.689837
best_epoch_test_loss: 0.688402
final_train_acc: 0.532692
final_test_acc: 0.536543
final_train_loss: 0.689696
final_test_loss: 0.688514
final_test_adv: 0.036543
max_overfit_gap_train_minus_test_acc: -0.000798
epoch_min_test_loss: 8
min_test_loss: 0.688333

[FINAL CONFUSION COUNTS]
TP: 3729
TN: 3304
FP: 3233
FN: 2842
precision: 0.535622
recall: 0.567494
specificity: 0.505431

[EPOCH-BY-EPOCH]
epoch	train_loss	train_acc	train_adv	test_loss	test_acc	test_adv	test_precision	test_recall	test_specificity
1	0.690305	0.530175	0.030175	0.690010	0.533262	0.033262	0.574141	0.266930	0.800979
2	0.690090	0.531300	0.031300	0.688688	0.534940	0.034940	0.533963	0.568254	0.501453
3	0.689814	0.531376	0.031376	0.689276	0.535475	0.035475	0.559506	0.344849	0.727092
4	0.689816	0.529641	0.029641	0.688813	0.535398	0.035398	0.541373	0.478923	0.592168
5	0.689759	0.532311	0.032311	0.688840	0.535398	0.035398	0.532122	0.606300	0.464127
6	0.689837	0.532177	0.032177	0.688402	0.541196	0.041196	0.551317	0.455334	0.627505
7	0.689782	0.532139	0.032139	0.688452	0.536619	0.036619	0.536996	0.548927	0.524247
8	0.689676	0.531567	0.031567	0.688333	0.535551	0.035551	0.540773	0.487445	0.583907
9	0.689777	0.531605	0.031605	0.688531	0.539365	0.039365	0.552574	0.426267	0.653052
10	0.689654	0.532692	0.032692	0.688526	0.536543	0.036543	0.536257	0.558210	0.514762
11	0.689620	0.532826	0.032826	0.688439	0.534559	0.034559	0.535541	0.538883	0.530213
12	0.689719	0.532692	0.032692	0.688680	0.538450	0.038450	0.552637	0.416223	0.661313
13	0.689653	0.533074	0.033074	0.688386	0.535322	0.035322	0.534793	0.561406	0.509102
14	0.689656	0.533379	0.033379	0.688617	0.534635	0.034635	0.531254	0.609192	0.459691
15	0.689637	0.533188	0.033188	0.688719	0.536314	0.036314	0.532490	0.614823	0.457396
16	0.689653	0.533303	0.033303	0.689399	0.534101	0.034101	0.561021	0.324608	0.744684
17	0.689595	0.532788	0.032788	0.688400	0.533644	0.033644	0.535493	0.525795	0.541533
18	0.689582	0.532502	0.032502	0.688984	0.535475	0.035475	0.558241	0.351545	0.720361
19	0.689599	0.532139	0.032139	0.689161	0.536161	0.036161	0.563192	0.332978	0.740401
20	0.689696	0.532692	0.032692	0.688514	0.536543	0.036543	0.535622	0.567494	0.505431
