=== TRAINING REPORT ===

[CONFIG]
data_path: ../Ciphers/Speck-64/speck64_R1_r8_s2640293303.npz
model: mlp
batch_size: 128
lr: 0.001
epochs: 20
train_split: 0.8
split_seed: 1234
device: cpu

[DATASET METADATA]
key: 173250376639540488134101030993529913881
seed: 2640293303
rounds: 8
delta: 1

[DATA SHAPES]
train_size: 52428
test_size: 13108
num_rows: 1
block_size: 64
trainable_parameters: 49665

[SUMMARY]
best_test_acc: 0.504120
best_test_adv: 0.004120
best_epoch: 9
best_epoch_train_acc: 0.605802
best_epoch_train_loss: 0.654012
best_epoch_test_loss: 0.721208
final_train_acc: 0.799344
final_test_acc: 0.499542
final_train_loss: 0.430551
final_test_loss: 0.978781
final_test_adv: -0.000458
max_overfit_gap_train_minus_test_acc: 0.299802
epoch_min_test_loss: 1
min_test_loss: 0.693497

[FINAL CONFUSION COUNTS]
TP: 2806
TN: 3742
FP: 2855
FN: 3705
precision: 0.495672
recall: 0.430963
specificity: 0.567228

[EPOCH-BY-EPOCH]
epoch	train_loss	train_acc	train_adv	test_loss	test_acc	test_adv	test_precision	test_recall	test_specificity
1	0.693651	0.501202	0.001202	0.693497	0.496338	-0.003662	0.495322	0.739978	0.255874
2	0.692843	0.510681	0.010681	0.693731	0.494431	-0.005569	0.488026	0.363078	0.624072
3	0.692197	0.516594	0.016594	0.694923	0.492142	-0.007858	0.487344	0.431731	0.551766
4	0.690640	0.528153	0.028153	0.695555	0.503967	0.003967	0.500579	0.597911	0.411248
5	0.687732	0.541371	0.041371	0.697593	0.494355	-0.005645	0.483646	0.265704	0.720024
6	0.682577	0.555238	0.055238	0.702231	0.497788	-0.002212	0.494375	0.485947	0.509474
7	0.675474	0.571565	0.071565	0.706862	0.500305	0.000305	0.495017	0.297497	0.700470
8	0.666082	0.589933	0.089933	0.714237	0.502975	0.002975	0.499720	0.548303	0.458239
9	0.654012	0.605802	0.105802	0.721208	0.504120	0.004120	0.500863	0.490401	0.517660
10	0.640797	0.626440	0.126440	0.737624	0.500763	0.000763	0.497690	0.545999	0.456116
11	0.623934	0.645228	0.145228	0.754592	0.500153	0.000153	0.496629	0.463830	0.536001
12	0.606190	0.663825	0.163825	0.767817	0.497177	-0.002823	0.494752	0.579174	0.416250
13	0.585416	0.684653	0.184653	0.789756	0.503814	0.003814	0.500519	0.518200	0.489616
14	0.562773	0.703307	0.203307	0.803683	0.495346	-0.004654	0.492299	0.510521	0.480370
15	0.541373	0.723621	0.223621	0.839091	0.501678	0.001678	0.498543	0.551682	0.452327
16	0.519843	0.738994	0.238994	0.861511	0.500153	0.000153	0.496545	0.452465	0.547218
17	0.495576	0.757553	0.257553	0.895272	0.498398	-0.001602	0.494135	0.414068	0.581628
18	0.474118	0.772526	0.272526	0.929323	0.498474	-0.001526	0.495640	0.549992	0.447628
19	0.451396	0.787346	0.287346	0.970149	0.499008	-0.000992	0.496212	0.563354	0.435501
20	0.430551	0.799344	0.299344	0.978781	0.499542	-0.000458	0.495672	0.430963	0.567228
