=== TRAINING REPORT ===

[CONFIG]
data_path: ../Ciphers/Speck-64/Database/speck64_R2_r4_s1392213447.npz
model: conv
batch_size: 128
lr: 0.001
epochs: 20
train_split: 0.8
split_seed: 1234
device: cpu

[DATASET METADATA]
key: 220622241806893999803785245656304302175
seed: 1392213447
rounds: 4
deltas: [0, 1, 2, 16, 4294967297, 65544, 51, 3855]

[DATA SHAPES]
train_size: 52428
test_size: 13108
num_rows: 7
block_size: 64
trainable_parameters: 14081

[SUMMARY]
best_test_acc: 0.892661
best_test_adv: 0.392661
best_epoch: 19
best_epoch_train_acc: 0.896582
best_epoch_train_loss: 0.257651
best_epoch_test_loss: 0.271878
final_train_acc: 0.898203
final_test_acc: 0.888312
final_train_loss: 0.255074
final_test_loss: 0.288642
final_test_adv: 0.388312
max_overfit_gap_train_minus_test_acc: 0.067258
epoch_min_test_loss: 19
min_test_loss: 0.271878

[FINAL CONFUSION COUNTS]
TP: 5268
TN: 6376
FP: 240
FN: 1224
precision: 0.956427
recall: 0.811460
specificity: 0.963724

[EPOCH-BY-EPOCH]
epoch	train_loss	train_acc	train_adv	test_loss	test_acc	test_adv	test_precision	test_recall	test_specificity
1	0.468505	0.790513	0.290513	0.389021	0.839640	0.339640	0.897501	0.763401	0.914450
2	0.355915	0.852140	0.352140	0.339388	0.859170	0.359170	0.874436	0.835644	0.882255
3	0.323763	0.868353	0.368353	0.322595	0.868172	0.368172	0.865899	0.868299	0.868047
4	0.308909	0.874170	0.374170	0.404194	0.806912	0.306912	0.746423	0.924060	0.691959
5	0.300420	0.878691	0.378691	0.317966	0.865655	0.365655	0.851852	0.882163	0.849456
6	0.294218	0.882086	0.382086	0.297963	0.880226	0.380226	0.887315	0.868453	0.891778
7	0.288160	0.884165	0.384165	0.308398	0.877251	0.377251	0.958842	0.785890	0.966898
8	0.284383	0.884241	0.384241	0.287780	0.885871	0.385871	0.911261	0.852588	0.918531
9	0.278637	0.888228	0.388228	0.284977	0.885261	0.385261	0.896502	0.868608	0.901602
10	0.276999	0.887942	0.387942	0.279590	0.889686	0.389686	0.921061	0.850123	0.928507
11	0.274976	0.889200	0.389200	0.290053	0.882514	0.382514	0.878362	0.885397	0.879686
12	0.270727	0.891184	0.391184	0.287199	0.881294	0.381294	0.879576	0.880930	0.881651
13	0.268330	0.892596	0.392596	0.286997	0.881752	0.381752	0.879337	0.882317	0.881197
14	0.265391	0.893397	0.393397	0.273551	0.890677	0.390677	0.914333	0.859827	0.920949
15	0.264566	0.894160	0.394160	0.276231	0.890067	0.390067	0.929288	0.842113	0.937122
16	0.263079	0.894827	0.394827	0.274814	0.890067	0.390067	0.925957	0.845656	0.933646
17	0.260366	0.895857	0.395857	0.274368	0.892051	0.392051	0.918964	0.857671	0.925786
18	0.258402	0.896868	0.396868	0.315141	0.876793	0.376793	0.969936	0.775262	0.976421
19	0.257651	0.896582	0.396582	0.271878	0.892661	0.392661	0.929259	0.847813	0.936669
20	0.255074	0.898203	0.398203	0.288642	0.888312	0.388312	0.956427	0.811460	0.963724
