=== TRAINING REPORT ===

[CONFIG]
data_path: ../Ciphers/Speck-64/Database/speck64_R1_r6_s3067982204.npz
model: resnet
batch_size: 128
lr: 0.001
epochs: 20
train_split: 0.8
split_seed: 1234
device: cpu

[DATASET METADATA]
key: 11237905005811331509669910174386551235
seed: 3067982204
rounds: 6
delta: 1

[DATA SHAPES]
train_size: 52428
test_size: 13108
num_rows: 1
block_size: 64
trainable_parameters: 125121

[SUMMARY]
best_test_acc: 0.506485
best_test_adv: 0.006485
best_epoch: 14
best_epoch_train_acc: 0.504444
best_epoch_train_loss: 0.693855
best_epoch_test_loss: 0.695880
final_train_acc: 0.503338
final_test_acc: 0.493744
final_train_loss: 0.693780
final_test_loss: 0.694175
final_test_adv: -0.006256
max_overfit_gap_train_minus_test_acc: 0.010566
epoch_min_test_loss: 11
min_test_loss: 0.693499

[FINAL CONFUSION COUNTS]
TP: 1551
TN: 4921
FP: 1548
FN: 5088
precision: 0.500484
recall: 0.233620
specificity: 0.760705

[EPOCH-BY-EPOCH]
epoch	train_loss	train_acc	train_adv	test_loss	test_acc	test_adv	test_precision	test_recall	test_specificity
1	0.697133	0.501068	0.001068	0.694616	0.499847	-0.000153	0.503901	0.807351	0.184263
2	0.694858	0.499485	-0.000515	0.694185	0.497864	-0.002136	0.515616	0.141738	0.863348
3	0.694907	0.499905	-0.000095	0.693519	0.505264	0.005264	0.505937	0.988402	0.009430
4	0.695390	0.500095	0.000095	0.693911	0.505340	0.005340	0.505988	0.986444	0.011594
5	0.694522	0.498093	-0.001907	0.697915	0.493515	-0.006485	0.000000	0.000000	1.000000
6	0.694228	0.501984	0.001984	0.695826	0.493363	-0.006637	0.486111	0.005272	0.994280
7	0.694582	0.500076	0.000076	0.695404	0.494278	-0.005722	0.517483	0.022293	0.978667
8	0.694149	0.497368	-0.002632	0.698662	0.493515	-0.006485	0.000000	0.000000	1.000000
9	0.694162	0.501221	0.001221	0.693617	0.495804	-0.004196	0.503651	0.311643	0.684804
10	0.694101	0.501812	0.001812	0.693501	0.498703	-0.001297	0.502798	0.920319	0.066007
11	0.694090	0.501621	0.001621	0.693499	0.493363	-0.006637	0.499889	0.678415	0.303447
12	0.693516	0.504082	0.004082	0.699635	0.493515	-0.006485	0.000000	0.000000	1.000000
13	0.693818	0.501946	0.001946	0.693659	0.492600	-0.007400	0.498873	0.400211	0.587417
14	0.693855	0.504444	0.004444	0.695880	0.506485	0.006485	0.506485	1.000000	0.000000
15	0.693792	0.504234	0.004234	0.693558	0.505188	0.005188	0.506161	0.946679	0.052095
16	0.693908	0.504482	0.004482	0.693860	0.496796	-0.003204	0.515728	0.106191	0.897666
17	0.693683	0.502880	0.002880	0.694232	0.499619	-0.000381	0.520725	0.151378	0.857010
18	0.693729	0.503643	0.003643	0.694006	0.503433	0.003433	0.505415	0.913842	0.082238
19	0.693377	0.506027	0.006027	0.693662	0.500458	0.000458	0.504102	0.842296	0.149637
20	0.693780	0.503338	0.003338	0.694175	0.493744	-0.006256	0.500484	0.233620	0.760705
