=== TRAINING REPORT ===

[CONFIG]
data_path: ../Ciphers/Speck-64/speck64_R1_r7_s1051426907.npz
model: mlp
batch_size: 128
lr: 0.001
epochs: 20
train_split: 0.8
split_seed: 1234
device: cpu

[DATASET METADATA]
key: 253568614408422256438158127587082396455
seed: 1051426907
rounds: 7
delta: 1

[DATA SHAPES]
train_size: 52428
test_size: 13108
num_rows: 1
block_size: 64
trainable_parameters: 49665

[SUMMARY]
best_test_acc: 0.506256
best_test_adv: 0.006256
best_epoch: 14
best_epoch_train_acc: 0.712310
best_epoch_train_loss: 0.554211
best_epoch_test_loss: 0.821215
final_train_acc: 0.807908
final_test_acc: 0.499619
final_train_loss: 0.418984
final_test_loss: 1.015685
final_test_adv: -0.000381
max_overfit_gap_train_minus_test_acc: 0.308289
epoch_min_test_loss: 1
min_test_loss: 0.693576

[FINAL CONFUSION COUNTS]
TP: 3155
TN: 3394
FP: 3042
FN: 3517
precision: 0.509117
recall: 0.472872
specificity: 0.527346

[EPOCH-BY-EPOCH]
epoch	train_loss	train_acc	train_adv	test_loss	test_acc	test_adv	test_precision	test_recall	test_specificity
1	0.693661	0.501068	0.001068	0.693576	0.491837	-0.008163	0.504534	0.091727	0.906619
2	0.692994	0.507782	0.007782	0.693686	0.489854	-0.010146	0.496718	0.170114	0.821318
3	0.692379	0.520562	0.020562	0.694016	0.498322	-0.001678	0.519308	0.193495	0.814326
4	0.691148	0.526246	0.026246	0.694840	0.500229	0.000229	0.509286	0.497302	0.503263
5	0.688366	0.538872	0.038872	0.699225	0.488709	-0.011291	0.495798	0.265288	0.720323
6	0.683078	0.556764	0.056764	0.702900	0.495957	-0.004043	0.506192	0.398231	0.597265
7	0.674344	0.576867	0.076867	0.707683	0.503052	0.003052	0.512640	0.480216	0.526725
8	0.664391	0.598039	0.098039	0.719369	0.500153	0.000153	0.507217	0.632044	0.363424
9	0.650699	0.616636	0.116636	0.738135	0.494660	-0.005340	0.504178	0.434053	0.557489
10	0.635669	0.633669	0.133669	0.739968	0.497864	-0.002136	0.507343	0.465977	0.530920
11	0.616778	0.655642	0.155642	0.762869	0.498398	-0.001602	0.509981	0.371403	0.630050
12	0.597738	0.674010	0.174010	0.785623	0.501907	0.001907	0.514831	0.372002	0.636576
13	0.576174	0.692645	0.192645	0.816805	0.498322	-0.001678	0.508395	0.435701	0.563238
14	0.554211	0.712310	0.212310	0.821215	0.506256	0.006256	0.516420	0.471373	0.542418
15	0.531785	0.730926	0.230926	0.850089	0.503509	0.003509	0.511734	0.535971	0.469857
16	0.507739	0.746471	0.246471	0.878143	0.502365	0.002365	0.510712	0.532374	0.471255
17	0.485381	0.764363	0.264363	0.915979	0.498932	-0.001068	0.509316	0.426109	0.574425
18	0.463450	0.779164	0.279164	0.952967	0.501678	0.001678	0.509607	0.556505	0.444842
19	0.438933	0.797341	0.297341	0.979405	0.504120	0.004120	0.511334	0.581535	0.423866
20	0.418984	0.807908	0.307908	1.015685	0.499619	-0.000381	0.509117	0.472872	0.527346
