=== TRAINING REPORT ===

[CONFIG]
data_path: ../Ciphers/Speck-64/Database/speck64_R2_r6_s3067982204.npz
model: conv
batch_size: 128
lr: 0.001
epochs: 20
train_split: 0.8
split_seed: 1234
device: cpu

[DATASET METADATA]
key: 11237905005811331509669910174386551235
seed: 3067982204
rounds: 6
deltas: [0, 1, 2, 16, 4294967297, 65544, 51, 3855]

[DATA SHAPES]
train_size: 52428
test_size: 13108
num_rows: 7
block_size: 64
trainable_parameters: 14081

[SUMMARY]
best_test_acc: 0.514114
best_test_adv: 0.014114
best_epoch: 20
best_epoch_train_acc: 0.578832
best_epoch_train_loss: 0.676646
best_epoch_test_loss: 0.700841
final_train_acc: 0.578832
final_test_acc: 0.514114
final_train_loss: 0.676646
final_test_loss: 0.700841
final_test_adv: 0.014114
max_overfit_gap_train_minus_test_acc: 0.086938
epoch_min_test_loss: 1
min_test_loss: 0.693692

[FINAL CONFUSION COUNTS]
TP: 4789
TN: 1950
FP: 4519
FN: 1850
precision: 0.514504
recall: 0.721344
specificity: 0.301438

[EPOCH-BY-EPOCH]
epoch	train_loss	train_acc	train_adv	test_loss	test_acc	test_adv	test_precision	test_recall	test_specificity
1	0.694362	0.500305	0.000305	0.693692	0.496796	-0.003204	0.502824	0.576593	0.414902
2	0.692809	0.512627	0.012627	0.693865	0.501373	0.001373	0.504436	0.882061	0.110682
3	0.692249	0.517624	0.017624	0.694258	0.497330	-0.002670	0.509328	0.205603	0.796723
4	0.691608	0.522316	0.022316	0.694267	0.496338	-0.003662	0.503466	0.404730	0.590354
5	0.691256	0.525502	0.025502	0.695286	0.502823	0.002823	0.514503	0.325953	0.684341
6	0.690524	0.530556	0.030556	0.694357	0.503357	0.003357	0.506739	0.730532	0.270212
7	0.689835	0.532101	0.032101	0.695707	0.500839	0.000839	0.511730	0.315409	0.691142
8	0.689353	0.535821	0.035821	0.694244	0.504730	0.004730	0.509718	0.580660	0.426805
9	0.688532	0.540532	0.040532	0.701482	0.499085	-0.000915	0.523686	0.121554	0.886536
10	0.687793	0.543412	0.043412	0.695240	0.500381	0.000381	0.505245	0.652960	0.343793
11	0.686696	0.550984	0.050984	0.698134	0.501602	0.001602	0.520385	0.203796	0.807235
12	0.685922	0.549554	0.049554	0.696344	0.503891	0.003891	0.510098	0.517397	0.490029
13	0.684931	0.555505	0.055505	0.699184	0.503891	0.003891	0.506175	0.839584	0.159375
14	0.683821	0.559281	0.059281	0.704226	0.495117	-0.004883	0.508058	0.099714	0.900912
15	0.682409	0.563458	0.063458	0.698570	0.502594	0.002594	0.506114	0.741829	0.257072
16	0.681364	0.566587	0.066587	0.697957	0.501373	0.001373	0.509311	0.424311	0.580461
17	0.679875	0.570573	0.070573	0.697684	0.505340	0.005340	0.509381	0.633830	0.373473
18	0.678928	0.573091	0.073091	0.711504	0.493744	-0.006256	0.501270	0.089170	0.908950
19	0.676879	0.579232	0.079232	0.727360	0.492295	-0.007705	0.486254	0.042627	0.953780
20	0.676646	0.578832	0.078832	0.700841	0.514114	0.014114	0.514504	0.721344	0.301438
