=== TRAINING REPORT ===

[CONFIG]
data_path: ../Ciphers/Speck-64/Database/speck64_R2_r4_s1392213447.npz
model: resnet
batch_size: 128
lr: 0.001
epochs: 20
train_split: 0.8
split_seed: 1234
device: cpu

[DATASET METADATA]
key: 220622241806893999803785245656304302175
seed: 1392213447
rounds: 4
deltas: [0, 1, 2, 16, 4294967297, 65544, 51, 3855]

[DATA SHAPES]
train_size: 52428
test_size: 13108
num_rows: 7
block_size: 64
trainable_parameters: 125505

[SUMMARY]
best_test_acc: 0.953387
best_test_adv: 0.453387
best_epoch: 6
best_epoch_train_acc: 0.965114
best_epoch_train_loss: 0.096458
best_epoch_test_loss: 0.137285
final_train_acc: 0.992618
final_test_acc: 0.949725
final_train_loss: 0.020353
final_test_loss: 0.227895
final_test_adv: 0.449725
max_overfit_gap_train_minus_test_acc: 0.061298
epoch_min_test_loss: 5
min_test_loss: 0.134421

[FINAL CONFUSION COUNTS]
TP: 6142
TN: 6307
FP: 309
FN: 350
precision: 0.952100
recall: 0.946087
specificity: 0.953295

[EPOCH-BY-EPOCH]
epoch	train_loss	train_acc	train_adv	test_loss	test_acc	test_adv	test_precision	test_recall	test_specificity
1	0.297599	0.876478	0.376478	0.227332	0.913793	0.413793	0.939652	0.882625	0.944377
2	0.175590	0.933986	0.433986	0.226582	0.918294	0.418294	0.994527	0.839649	0.995466
3	0.142529	0.947757	0.447757	0.172207	0.933247	0.433247	0.914539	0.954405	0.912485
4	0.123154	0.955329	0.455329	0.137889	0.951861	0.451861	0.966121	0.935613	0.967805
5	0.108465	0.960956	0.460956	0.134421	0.952090	0.452090	0.955421	0.947474	0.956620
6	0.096458	0.965114	0.465114	0.137285	0.953387	0.453387	0.985953	0.918977	0.987152
7	0.085351	0.969463	0.469463	0.203773	0.922185	0.422185	0.883408	0.971041	0.874244
8	0.073701	0.972896	0.472896	0.157107	0.952014	0.452014	0.983347	0.918669	0.984734
9	0.064654	0.976692	0.476692	0.185767	0.945529	0.445529	0.988502	0.900493	0.989722
10	0.053104	0.981250	0.481250	0.186600	0.945072	0.445072	0.978925	0.908657	0.980804
11	0.047270	0.982719	0.482719	0.169111	0.952777	0.452777	0.976318	0.927141	0.977932
12	0.038026	0.986515	0.486515	0.202509	0.941410	0.441410	0.933505	0.949322	0.933646
13	0.031587	0.988670	0.488670	0.212343	0.948123	0.448123	0.952507	0.942237	0.953900
14	0.028500	0.989738	0.489738	0.203138	0.948581	0.448581	0.959994	0.935151	0.961759
15	0.025031	0.990845	0.490845	0.204078	0.950259	0.450259	0.964672	0.933765	0.966445
16	0.025720	0.990368	0.490368	0.235684	0.951404	0.451404	0.981893	0.918823	0.983374
17	0.023114	0.991798	0.491798	0.285203	0.944004	0.444004	0.984191	0.901417	0.985792
18	0.019704	0.992924	0.492924	0.330962	0.941334	0.441334	0.990908	0.889710	0.991989
19	0.015099	0.994316	0.494316	0.256217	0.933018	0.433018	0.910861	0.958564	0.907950
20	0.020353	0.992618	0.492618	0.227895	0.949725	0.449725	0.952100	0.946087	0.953295
