=== TRAINING REPORT ===

[CONFIG]
data_path: ../Ciphers/Speck-64/speck64_R2_r6_s3067982204.npz
model: mlp
batch_size: 128
lr: 0.001
epochs: 20
train_split: 0.8
split_seed: 1234
device: cpu

[DATASET METADATA]
key: 11237905005811331509669910174386551235
seed: 3067982204
rounds: 6
deltas: [0, 1, 2, 16, 4294967297, 65544, 51, 3855]

[DATA SHAPES]
train_size: 52428
test_size: 13108
num_rows: 7
block_size: 64
trainable_parameters: 147969

[SUMMARY]
best_test_acc: 0.513503
best_test_adv: 0.013503
best_epoch: 20
best_epoch_train_acc: 0.610475
best_epoch_train_loss: 0.653389
best_epoch_test_loss: 0.723938
final_train_acc: 0.610475
final_test_acc: 0.513503
final_train_loss: 0.653389
final_test_loss: 0.723938
final_test_adv: 0.013503
max_overfit_gap_train_minus_test_acc: 0.097315
epoch_min_test_loss: 1
min_test_loss: 0.693258

[FINAL CONFUSION COUNTS]
TP: 3165
TN: 3566
FP: 2903
FN: 3474
precision: 0.521589
recall: 0.476728
specificity: 0.551244

[EPOCH-BY-EPOCH]
epoch	train_loss	train_acc	train_adv	test_loss	test_acc	test_adv	test_precision	test_recall	test_specificity
1	0.693768	0.501259	0.001259	0.693258	0.506485	0.006485	0.506485	1.000000	0.000000
2	0.693224	0.504311	0.004311	0.693333	0.493744	-0.006256	0.560000	0.002109	0.998300
3	0.693045	0.508507	0.008507	0.693700	0.493973	-0.006027	0.515625	0.014912	0.985624
4	0.692124	0.516899	0.016899	0.693921	0.501144	0.001144	0.520576	0.190541	0.819910
5	0.691318	0.522183	0.022183	0.694197	0.505874	0.005874	0.515248	0.412261	0.601948
6	0.689947	0.530919	0.030919	0.695658	0.500992	0.000992	0.506117	0.610634	0.388468
7	0.689051	0.532750	0.032750	0.697791	0.501984	0.001984	0.508192	0.518602	0.484928
8	0.687681	0.536164	0.036164	0.695796	0.503891	0.003891	0.514358	0.366923	0.644458
9	0.686240	0.540570	0.040570	0.701075	0.501144	0.001144	0.506056	0.629312	0.369609
10	0.685051	0.546178	0.046178	0.697436	0.507171	0.007171	0.517525	0.398102	0.619107
11	0.682521	0.552090	0.052090	0.702237	0.503280	0.003280	0.509984	0.492393	0.514454
12	0.679398	0.560292	0.060292	0.705571	0.506103	0.006103	0.517970	0.358186	0.657907
13	0.676297	0.569390	0.069390	0.706334	0.508087	0.008087	0.519375	0.385600	0.633792
14	0.672354	0.580606	0.080606	0.705918	0.504425	0.004425	0.512555	0.439675	0.570876
15	0.668075	0.586137	0.086137	0.716017	0.511520	0.011520	0.519799	0.466637	0.557582
16	0.665120	0.591707	0.091707	0.709768	0.511138	0.011138	0.519428	0.465130	0.558355
17	0.660246	0.600481	0.100481	0.735927	0.504654	0.004654	0.514186	0.398554	0.613542
18	0.659154	0.604505	0.104505	0.713908	0.511520	0.011520	0.519906	0.464227	0.560056
19	0.655910	0.608759	0.108759	0.726162	0.511443	0.011443	0.516919	0.540744	0.481373
20	0.653389	0.610475	0.110475	0.723938	0.513503	0.013503	0.521589	0.476728	0.551244
