=== TRAINING REPORT ===

[CONFIG]
data_path: ../Ciphers/Speck-64/Database/speck64_R1_r5_s2078877062.npz
model: resnet
batch_size: 128
lr: 0.001
epochs: 20
train_split: 0.8
split_seed: 1234
device: cpu

[DATASET METADATA]
key: 132700422768683919029096291343433878185
seed: 2078877062
rounds: 5
delta: 1

[DATA SHAPES]
train_size: 52428
test_size: 13108
num_rows: 1
block_size: 64
trainable_parameters: 125121

[SUMMARY]
best_test_acc: 0.545240
best_test_adv: 0.045240
best_epoch: 13
best_epoch_train_acc: 0.536603
best_epoch_train_loss: 0.688883
best_epoch_test_loss: 0.688188
final_train_acc: 0.539120
final_test_acc: 0.543409
final_train_loss: 0.688567
final_test_loss: 0.687737
final_test_adv: 0.043409
max_overfit_gap_train_minus_test_acc: 0.019360
epoch_min_test_loss: 20
min_test_loss: 0.687737

[FINAL CONFUSION COUNTS]
TP: 3396
TN: 3727
FP: 2810
FN: 3175
precision: 0.547212
recall: 0.516816
specificity: 0.570139

[EPOCH-BY-EPOCH]
epoch	train_loss	train_acc	train_adv	test_loss	test_acc	test_adv	test_precision	test_recall	test_specificity
1	0.693774	0.523251	0.023251	0.727022	0.503891	0.003891	0.502639	0.985543	0.019734
2	0.691120	0.529164	0.029164	0.690452	0.522200	0.022200	0.515740	0.767920	0.275203
3	0.691357	0.526226	0.026226	0.691772	0.514037	0.014037	0.509039	0.861361	0.164907
4	0.690713	0.528859	0.028859	0.689561	0.534330	0.034330	0.528190	0.665804	0.402172
5	0.690904	0.529278	0.029278	0.689901	0.538984	0.038984	0.562147	0.363415	0.715466
6	0.689912	0.534371	0.034371	0.690972	0.519759	0.019759	0.512871	0.836859	0.201010
7	0.690410	0.530232	0.030232	0.690028	0.535322	0.035322	0.578585	0.268909	0.803121
8	0.689654	0.534924	0.034924	0.690327	0.518462	0.018462	0.512818	0.788464	0.247055
9	0.689438	0.535744	0.035744	0.688759	0.535475	0.035475	0.530406	0.639781	0.430626
10	0.689390	0.533894	0.033894	0.689008	0.539670	0.039670	0.557705	0.394917	0.685177
11	0.689119	0.532292	0.032292	0.688998	0.539823	0.039823	0.564397	0.359458	0.721126
12	0.689247	0.534543	0.034543	0.689091	0.531431	0.031431	0.524267	0.705220	0.356739
13	0.688883	0.536603	0.036603	0.688188	0.545240	0.045240	0.555414	0.465226	0.625669
14	0.688401	0.537556	0.037556	0.692903	0.520980	0.020980	0.600275	0.133009	0.910968
15	0.688666	0.538415	0.038415	0.689184	0.540281	0.040281	0.565584	0.357632	0.723879
16	0.688741	0.537385	0.037385	0.689731	0.528151	0.028151	0.520838	0.734135	0.321095
17	0.688818	0.537041	0.037041	0.689666	0.535932	0.035932	0.559281	0.350327	0.722503
18	0.688891	0.535840	0.035840	0.688421	0.534101	0.034101	0.529315	0.637498	0.430167
19	0.688591	0.537308	0.037308	0.688526	0.537534	0.037534	0.534811	0.595039	0.479731
20	0.688567	0.539120	0.039120	0.687737	0.543409	0.043409	0.547212	0.516816	0.570139
