=== TRAINING REPORT ===

[CONFIG]
data_path: ../Ciphers/Speck-64/speck64_R2_r8_s2640293303.npz
model: mlp
batch_size: 128
lr: 0.001
epochs: 20
train_split: 0.8
split_seed: 1234
device: cpu

[DATASET METADATA]
key: 173250376639540488134101030993529913881
seed: 2640293303
rounds: 8
deltas: [0, 1, 2, 16, 4294967297, 65544, 51, 3855]

[DATA SHAPES]
train_size: 52428
test_size: 13108
num_rows: 7
block_size: 64
trainable_parameters: 147969

[SUMMARY]
best_test_acc: 0.505493
best_test_adv: 0.005493
best_epoch: 4
best_epoch_train_acc: 0.518235
best_epoch_train_loss: 0.692301
best_epoch_test_loss: 0.694082
final_train_acc: 0.604562
final_test_acc: 0.494889
final_train_loss: 0.649577
final_test_loss: 0.743120
final_test_adv: -0.005111
max_overfit_gap_train_minus_test_acc: 0.109674
epoch_min_test_loss: 3
min_test_loss: 0.693142

[FINAL CONFUSION COUNTS]
TP: 3891
TN: 2596
FP: 4001
FN: 2620
precision: 0.493031
recall: 0.597604
specificity: 0.393512

[EPOCH-BY-EPOCH]
epoch	train_loss	train_acc	train_adv	test_loss	test_acc	test_adv	test_precision	test_recall	test_specificity
1	0.693703	0.497292	-0.002708	0.693435	0.496720	-0.003280	0.496720	1.000000	0.000000
2	0.693162	0.505112	0.005112	0.693218	0.503433	0.003433	0.525000	0.003225	0.997120
3	0.692921	0.511006	0.011006	0.693142	0.503586	0.003586	0.502049	0.075257	0.926330
4	0.692301	0.518235	0.018235	0.694082	0.505493	0.005493	0.501923	0.581324	0.430650
5	0.691084	0.527771	0.027771	0.694585	0.503280	0.003280	0.500000	0.752265	0.257541
6	0.690067	0.530804	0.030804	0.696870	0.503128	0.003128	0.499908	0.838120	0.172503
7	0.689458	0.532158	0.032158	0.695711	0.501526	0.001526	0.498509	0.590693	0.413521
8	0.688480	0.536488	0.036488	0.696088	0.501984	0.001984	0.497777	0.292275	0.708959
9	0.687241	0.538434	0.038434	0.698070	0.499390	-0.000610	0.493340	0.290124	0.705927
10	0.685058	0.543488	0.043488	0.698887	0.501297	0.001297	0.494833	0.191215	0.807337
11	0.682479	0.549725	0.049725	0.707792	0.500458	0.000458	0.496656	0.422055	0.577838
12	0.681325	0.552892	0.052892	0.717832	0.501678	0.001678	0.498352	0.487790	0.515386
13	0.677475	0.559224	0.059224	0.710800	0.500839	0.000839	0.497980	0.605744	0.397302
14	0.673936	0.566682	0.066682	0.716529	0.496720	-0.003280	0.493996	0.543388	0.450659
15	0.669953	0.571660	0.071660	0.710977	0.500153	0.000153	0.497497	0.625864	0.376080
16	0.666709	0.576371	0.076371	0.726444	0.495270	-0.004730	0.493523	0.614345	0.377747
17	0.661829	0.586614	0.086614	0.713908	0.496186	-0.003814	0.495092	0.720473	0.274822
18	0.658512	0.591764	0.091764	0.731341	0.498398	-0.001602	0.495798	0.579942	0.417917
19	0.653802	0.596456	0.096456	0.742593	0.498856	-0.001144	0.495842	0.531101	0.467030
20	0.649577	0.604562	0.104562	0.743120	0.494889	-0.005111	0.493031	0.597604	0.393512
