=== TRAINING REPORT ===

[CONFIG]
data_path: ../Ciphers/Speck-64/Database/speck64_R2_r5_s2078877062.npz
model: conv
batch_size: 128
lr: 0.001
epochs: 20
train_split: 0.8
split_seed: 1234
device: cpu

[DATASET METADATA]
key: 132700422768683919029096291343433878185
seed: 2078877062
rounds: 5
deltas: [0, 1, 2, 16, 4294967297, 65544, 51, 3855]

[DATA SHAPES]
train_size: 52428
test_size: 13108
num_rows: 7
block_size: 64
trainable_parameters: 14081

[SUMMARY]
best_test_acc: 0.610162
best_test_adv: 0.110162
best_epoch: 6
best_epoch_train_acc: 0.618372
best_epoch_train_loss: 0.648838
best_epoch_test_loss: 0.653268
final_train_acc: 0.637198
final_test_acc: 0.588572
final_train_loss: 0.633808
final_test_loss: 0.665317
final_test_adv: 0.088572
max_overfit_gap_train_minus_test_acc: 0.048626
epoch_min_test_loss: 9
min_test_loss: 0.650995

[FINAL CONFUSION COUNTS]
TP: 4966
TN: 2749
FP: 3788
FN: 1605
precision: 0.567284
recall: 0.755745
specificity: 0.420529

[EPOCH-BY-EPOCH]
epoch	train_loss	train_acc	train_adv	test_loss	test_acc	test_adv	test_precision	test_recall	test_specificity
1	0.669416	0.582895	0.082895	0.661738	0.589487	0.089487	0.574711	0.696545	0.481872
2	0.656102	0.605135	0.105135	0.657957	0.593683	0.093683	0.579188	0.692893	0.493957
3	0.653469	0.609960	0.109960	0.652458	0.609857	0.109857	0.626191	0.550145	0.669879
4	0.651433	0.613413	0.113413	0.653385	0.601846	0.101846	0.596820	0.634150	0.569374
5	0.650381	0.614157	0.114157	0.658800	0.593531	0.093531	0.578881	0.694110	0.492428
6	0.648838	0.618372	0.118372	0.653268	0.610162	0.110162	0.642204	0.502054	0.718831
7	0.647501	0.619421	0.119421	0.653451	0.604745	0.104745	0.596421	0.654238	0.554995
8	0.646675	0.619059	0.119059	0.656008	0.597727	0.097727	0.584726	0.681631	0.513385
9	0.645585	0.621290	0.121290	0.650995	0.608102	0.108102	0.621361	0.558667	0.657794
10	0.644623	0.621920	0.121920	0.651531	0.609628	0.109628	0.621288	0.566733	0.652746
11	0.643716	0.623770	0.123770	0.651956	0.608483	0.108483	0.619340	0.568254	0.648922
12	0.642008	0.625639	0.125639	0.653810	0.608560	0.108560	0.646879	0.482575	0.735200
13	0.641369	0.626459	0.126459	0.656557	0.597574	0.097574	0.580437	0.711612	0.482943
14	0.640217	0.627565	0.127565	0.656303	0.599176	0.099176	0.584110	0.695937	0.501912
15	0.639270	0.630331	0.130331	0.656333	0.607186	0.107186	0.652903	0.462030	0.753098
16	0.638381	0.633059	0.133059	0.658262	0.595056	0.095056	0.578340	0.709481	0.480037
17	0.637274	0.630274	0.130274	0.654021	0.605813	0.105813	0.609074	0.596561	0.615114
18	0.635795	0.634241	0.134241	0.662887	0.608255	0.108255	0.680402	0.412114	0.805415
19	0.635153	0.635271	0.135271	0.654497	0.606347	0.106347	0.637123	0.498859	0.714395
20	0.633808	0.637198	0.137198	0.665317	0.588572	0.088572	0.567284	0.755745	0.420529
