=== TRAINING REPORT ===

[CONFIG]
data_path: ../Ciphers/Speck-64/Database/speck64_R1_r4_s1392213447.npz
model: conv
batch_size: 128
lr: 0.001
epochs: 20
train_split: 0.8
split_seed: 1234
device: cpu

[DATASET METADATA]
key: 220622241806893999803785245656304302175
seed: 1392213447
rounds: 4
delta: 1

[DATA SHAPES]
train_size: 52428
test_size: 13108
num_rows: 1
block_size: 64
trainable_parameters: 12929

[SUMMARY]
best_test_acc: 0.618706
best_test_adv: 0.118706
best_epoch: 17
best_epoch_train_acc: 0.615377
best_epoch_train_loss: 0.653085
best_epoch_test_loss: 0.653429
final_train_acc: 0.617895
final_test_acc: 0.616189
final_train_loss: 0.652746
final_test_loss: 0.653650
final_test_adv: 0.116189
max_overfit_gap_train_minus_test_acc: 0.003365
epoch_min_test_loss: 18
min_test_loss: 0.653151

[FINAL CONFUSION COUNTS]
TP: 4163
TN: 3914
FP: 2702
FN: 2329
precision: 0.606409
recall: 0.641251
specificity: 0.591596

[EPOCH-BY-EPOCH]
epoch	train_loss	train_acc	train_adv	test_loss	test_acc	test_adv	test_precision	test_recall	test_specificity
1	0.660094	0.606203	0.106203	0.658378	0.607949	0.107949	0.596409	0.644640	0.571947
2	0.657265	0.610704	0.110704	0.657517	0.609170	0.109170	0.626502	0.522181	0.694528
3	0.656764	0.609960	0.109960	0.655905	0.612603	0.112603	0.611339	0.597967	0.626965
4	0.656182	0.611753	0.111753	0.655900	0.611611	0.111611	0.605101	0.621226	0.602177
5	0.656062	0.611086	0.111086	0.655722	0.614052	0.114052	0.620643	0.567776	0.659462
6	0.656037	0.611868	0.111868	0.655178	0.614663	0.114663	0.618484	0.579328	0.649335
7	0.655852	0.611505	0.111505	0.655384	0.612374	0.112374	0.607759	0.612908	0.611850
8	0.655154	0.611734	0.111734	0.655484	0.612679	0.112679	0.601521	0.645718	0.580260
9	0.654704	0.612650	0.112650	0.656239	0.611535	0.111535	0.597249	0.662200	0.561820
10	0.654449	0.613088	0.113088	0.654273	0.616036	0.116036	0.613967	0.605360	0.626511
11	0.654252	0.613622	0.113622	0.654272	0.615731	0.115731	0.621028	0.575015	0.655683
12	0.654028	0.614595	0.114595	0.657845	0.611230	0.111230	0.593316	0.683611	0.540206
13	0.653732	0.614481	0.114481	0.653779	0.614205	0.114205	0.621631	0.564849	0.662636
14	0.653603	0.614481	0.114481	0.653532	0.616951	0.116951	0.627139	0.558842	0.673972
15	0.653304	0.615702	0.115702	0.653197	0.614815	0.114815	0.616918	0.586414	0.642684
16	0.653327	0.615511	0.115511	0.654013	0.616799	0.116799	0.606218	0.645718	0.588422
17	0.653085	0.615377	0.115377	0.653429	0.618706	0.118706	0.617564	0.604436	0.632709
18	0.653337	0.614595	0.114595	0.653151	0.615197	0.115197	0.623423	0.563309	0.666112
19	0.652779	0.616922	0.116922	0.654095	0.615731	0.115731	0.631247	0.538971	0.691052
20	0.652746	0.617895	0.117895	0.653650	0.616189	0.116189	0.606409	0.641251	0.591596
