=== TRAINING REPORT ===

[CONFIG]
data_path: ../Ciphers/Speck-64/Database/speck64_R1_r4_s1392213447.npz
model: resnet
batch_size: 128
lr: 0.001
epochs: 20
train_split: 0.8
split_seed: 1234
device: cpu

[DATASET METADATA]
key: 220622241806893999803785245656304302175
seed: 1392213447
rounds: 4
delta: 1

[DATA SHAPES]
train_size: 52428
test_size: 13108
num_rows: 1
block_size: 64
trainable_parameters: 125121

[SUMMARY]
best_test_acc: 0.918676
best_test_adv: 0.418676
best_epoch: 20
best_epoch_train_acc: 0.924201
best_epoch_train_loss: 0.213228
best_epoch_test_loss: 0.251763
final_train_acc: 0.924201
final_test_acc: 0.918676
final_train_loss: 0.213228
final_test_loss: 0.251763
final_test_adv: 0.418676
max_overfit_gap_train_minus_test_acc: 0.129723
epoch_min_test_loss: 10
min_test_loss: 0.242631

[FINAL CONFUSION COUNTS]
TP: 5771
TN: 6271
FP: 345
FN: 721
precision: 0.943591
recall: 0.888940
specificity: 0.947854

[EPOCH-BY-EPOCH]
epoch	train_loss	train_acc	train_adv	test_loss	test_acc	test_adv	test_precision	test_recall	test_specificity
1	0.560718	0.706378	0.206378	0.512301	0.749237	0.249237	0.763353	0.715496	0.782346
2	0.420076	0.816033	0.316033	0.353196	0.858331	0.358331	0.875790	0.831947	0.884220
3	0.337898	0.864652	0.364652	0.321550	0.881370	0.381370	0.901317	0.853974	0.908253
4	0.299675	0.886816	0.386816	0.417381	0.808438	0.308438	0.740080	0.945163	0.674274
5	0.265199	0.904307	0.404307	0.301704	0.866341	0.366341	0.826087	0.924831	0.808948
6	0.256529	0.908465	0.408465	0.438024	0.790281	0.290281	0.716183	0.955022	0.628628
7	0.251427	0.910391	0.410391	0.466290	0.780668	0.280668	0.705208	0.957332	0.607316
8	0.246726	0.912432	0.412432	0.298814	0.870613	0.370613	0.831124	0.927141	0.815145
9	0.243995	0.913233	0.413233	0.292634	0.912801	0.412801	0.976313	0.844424	0.979897
10	0.241809	0.914759	0.414759	0.242631	0.917913	0.417913	0.938046	0.893253	0.942110
11	0.238373	0.916075	0.416075	0.273110	0.916158	0.416158	0.970347	0.856901	0.974305
12	0.235089	0.917296	0.417296	0.246633	0.909368	0.409368	0.910526	0.906038	0.912636
13	0.231654	0.918364	0.418364	0.250161	0.917150	0.417150	0.947813	0.881238	0.952388
14	0.230776	0.918364	0.418364	0.281565	0.910894	0.410894	0.973160	0.843346	0.977177
15	0.227164	0.920195	0.420195	0.262246	0.917989	0.417989	0.960082	0.870610	0.964480
16	0.224826	0.921702	0.421702	0.250575	0.918218	0.418218	0.947490	0.883857	0.951935
17	0.222123	0.921530	0.421530	0.250636	0.905706	0.405706	0.897219	0.914356	0.897219
18	0.218705	0.922808	0.422808	0.287699	0.878929	0.378929	0.842480	0.929298	0.829504
19	0.215613	0.924506	0.424506	0.252786	0.902426	0.402426	0.894984	0.909735	0.895254
20	0.213228	0.924201	0.424201	0.251763	0.918676	0.418676	0.943591	0.888940	0.947854
