=== TRAINING REPORT ===

[CONFIG]
data_path: ../Ciphers/Speck-64/speck64_R2_r9_s1122436491.npz
model: mlp
batch_size: 128
lr: 0.001
epochs: 20
train_split: 0.8
split_seed: 1234
device: cpu

[DATASET METADATA]
key: 275167882189178018328046883007170415554
seed: 1122436491
rounds: 9
deltas: [0, 1, 2, 16, 4294967297, 65544, 51, 3855]

[DATA SHAPES]
train_size: 52428
test_size: 13108
num_rows: 7
block_size: 64
trainable_parameters: 147969

[SUMMARY]
best_test_acc: 0.502060
best_test_adv: 0.002060
best_epoch: 14
best_epoch_train_acc: 0.567712
best_epoch_train_loss: 0.675922
best_epoch_test_loss: 0.715325
final_train_acc: 0.597314
final_test_acc: 0.499466
final_train_loss: 0.660663
final_test_loss: 0.725761
final_test_adv: -0.000534
max_overfit_gap_train_minus_test_acc: 0.097848
epoch_min_test_loss: 1
min_test_loss: 0.693229

[FINAL CONFUSION COUNTS]
TP: 2321
TN: 4226
FP: 2317
FN: 4244
precision: 0.500431
recall: 0.353542
specificity: 0.645881

[EPOCH-BY-EPOCH]
epoch	train_loss	train_acc	train_adv	test_loss	test_acc	test_adv	test_precision	test_recall	test_specificity
1	0.693753	0.500229	0.000229	0.693229	0.499008	-0.000992	0.482759	0.004265	0.995415
2	0.693172	0.505741	0.005741	0.693271	0.499008	-0.000992	0.499892	0.702970	0.294360
3	0.692967	0.509232	0.009232	0.693549	0.493058	-0.006942	0.495325	0.645545	0.340058
4	0.692239	0.518826	0.018826	0.694410	0.493897	-0.006103	0.495697	0.605331	0.382088
5	0.691413	0.523575	0.023575	0.695936	0.498398	-0.001602	0.498304	0.223762	0.773957
6	0.690792	0.527829	0.027829	0.695945	0.495423	-0.004577	0.495763	0.436710	0.554333
7	0.689610	0.532273	0.032273	0.697184	0.498245	-0.001755	0.498819	0.385986	0.610882
8	0.688261	0.536927	0.036927	0.695777	0.498245	-0.001755	0.498969	0.442498	0.554180
9	0.687235	0.539483	0.039483	0.696599	0.499695	-0.000305	0.500373	0.714699	0.283968
10	0.685743	0.543374	0.043374	0.699090	0.495880	-0.004120	0.495337	0.347906	0.644353
11	0.684149	0.549535	0.049535	0.704820	0.495041	-0.004959	0.491488	0.237471	0.753477
12	0.682038	0.555161	0.055161	0.705427	0.500687	0.000687	0.503687	0.208073	0.794284
13	0.679173	0.561055	0.061055	0.706468	0.497635	-0.002365	0.498116	0.402742	0.592847
14	0.675922	0.567712	0.067712	0.715325	0.502060	0.002060	0.505026	0.290784	0.714046
15	0.673173	0.573014	0.073014	0.712143	0.497254	-0.002746	0.496612	0.279056	0.716185
16	0.670264	0.581750	0.081750	0.715832	0.499695	-0.000305	0.500793	0.336634	0.663304
17	0.667271	0.585069	0.085069	0.710397	0.499466	-0.000534	0.500519	0.293831	0.705792
18	0.664286	0.589666	0.089666	0.720665	0.496567	-0.003433	0.496743	0.394973	0.598502
19	0.662423	0.594511	0.094511	0.724666	0.500839	0.000839	0.502800	0.300838	0.701513
20	0.660663	0.597314	0.097314	0.725761	0.499466	-0.000534	0.500431	0.353542	0.645881
