=== TRAINING REPORT ===

[CONFIG]
data_path: ../Ciphers/Speck-64/speck64_R2_r5_s2078877062.npz
model: mlp
batch_size: 128
lr: 0.001
epochs: 20
train_split: 0.8
split_seed: 1234
device: cpu

[DATASET METADATA]
key: 132700422768683919029096291343433878185
seed: 2078877062
rounds: 5
deltas: [0, 1, 2, 16, 4294967297, 65544, 51, 3855]

[DATA SHAPES]
train_size: 52428
test_size: 13108
num_rows: 7
block_size: 64
trainable_parameters: 147969

[SUMMARY]
best_test_acc: 0.824153
best_test_adv: 0.324153
best_epoch: 11
best_epoch_train_acc: 0.909609
best_epoch_train_loss: 0.225708
best_epoch_test_loss: 0.448920
final_train_acc: 0.966392
final_test_acc: 0.808209
final_train_loss: 0.091725
final_test_loss: 0.809956
final_test_adv: 0.308209
max_overfit_gap_train_minus_test_acc: 0.163237
epoch_min_test_loss: 8
min_test_loss: 0.410430

[FINAL CONFUSION COUNTS]
TP: 5184
TN: 5410
FP: 1127
FN: 1387
precision: 0.821423
recall: 0.788921
specificity: 0.827597

[EPOCH-BY-EPOCH]
epoch	train_loss	train_acc	train_adv	test_loss	test_acc	test_adv	test_precision	test_recall	test_specificity
1	0.612149	0.660639	0.160639	0.604741	0.669744	0.169744	0.822497	0.435094	0.905614
2	0.582523	0.688182	0.188182	0.585270	0.682026	0.182026	0.806115	0.481510	0.883586
3	0.555667	0.711891	0.211891	0.556291	0.715822	0.215822	0.700366	0.756962	0.674468
4	0.504456	0.753643	0.253643	0.512533	0.747330	0.247330	0.744413	0.755288	0.739330
5	0.438918	0.795357	0.295357	0.469991	0.776625	0.276625	0.865103	0.656825	0.897048
6	0.373031	0.834936	0.334936	0.429396	0.804013	0.304013	0.791012	0.827728	0.780174
7	0.327212	0.860285	0.360285	0.417534	0.813244	0.313244	0.853299	0.757723	0.869053
8	0.296064	0.874971	0.374971	0.410430	0.823161	0.323161	0.857215	0.776594	0.869971
9	0.272071	0.888781	0.388781	0.417418	0.823085	0.323085	0.867693	0.763506	0.882974
10	0.247303	0.900492	0.400492	0.507560	0.805233	0.305233	0.767154	0.877949	0.732140
11	0.225708	0.909609	0.409609	0.448920	0.824153	0.324153	0.854201	0.782834	0.865688
12	0.208207	0.918269	0.418269	0.475652	0.818584	0.318584	0.817219	0.821945	0.815206
13	0.187637	0.927596	0.427596	0.511172	0.813702	0.313702	0.816205	0.810988	0.816430
14	0.169165	0.935035	0.435035	0.558796	0.815685	0.315685	0.803861	0.836402	0.794860
15	0.153284	0.942340	0.442340	0.648440	0.808056	0.308056	0.782657	0.854360	0.761511
16	0.140050	0.947337	0.447337	0.570661	0.807598	0.307598	0.847196	0.751788	0.863699
17	0.133816	0.949207	0.449207	0.629064	0.815380	0.315380	0.825059	0.801704	0.829127
18	0.113266	0.959030	0.459030	0.693462	0.809277	0.309277	0.816219	0.799574	0.819030
19	0.103047	0.962520	0.462520	0.831419	0.799283	0.299283	0.772325	0.850251	0.748050
20	0.091725	0.966392	0.466392	0.809956	0.808209	0.308209	0.821423	0.788921	0.827597
