=== TRAINING REPORT ===

[CONFIG]
data_path: ../Ciphers/Speck-64/speck64_R2_r7_s1051426907.npz
model: mlp
batch_size: 128
lr: 0.001
epochs: 20
train_split: 0.8
split_seed: 1234
device: cpu

[DATASET METADATA]
key: 253568614408422256438158127587082396455
seed: 1051426907
rounds: 7
deltas: [0, 1, 2, 16, 4294967297, 65544, 51, 3855]

[DATA SHAPES]
train_size: 52428
test_size: 13108
num_rows: 7
block_size: 64
trainable_parameters: 147969

[SUMMARY]
best_test_acc: 0.501373
best_test_adv: 0.001373
best_epoch: 10
best_epoch_train_acc: 0.537098
best_epoch_train_loss: 0.686201
best_epoch_test_loss: 0.699488
final_train_acc: 0.572499
final_test_acc: 0.496491
final_train_loss: 0.666255
final_test_loss: 0.726021
final_test_adv: -0.003509
max_overfit_gap_train_minus_test_acc: 0.076009
epoch_min_test_loss: 3
min_test_loss: 0.693277

[FINAL CONFUSION COUNTS]
TP: 2540
TN: 3968
FP: 2468
FN: 4132
precision: 0.507188
recall: 0.380695
specificity: 0.616532

[EPOCH-BY-EPOCH]
epoch	train_loss	train_acc	train_adv	test_loss	test_acc	test_adv	test_precision	test_recall	test_specificity
1	0.693831	0.500496	0.000496	0.693458	0.491913	-0.008087	0.518293	0.025480	0.975451
2	0.693320	0.502461	0.002461	0.693297	0.492905	-0.007095	0.503047	0.309353	0.683188
3	0.692915	0.512074	0.012074	0.693277	0.498016	-0.001984	0.505394	0.645983	0.344624
4	0.692379	0.516003	0.016003	0.697556	0.492600	-0.007400	0.524590	0.033573	0.968459
5	0.691454	0.523098	0.023098	0.696806	0.491150	-0.008850	0.500532	0.141037	0.854102
6	0.690591	0.528077	0.028077	0.695573	0.491761	-0.008239	0.501359	0.276379	0.715040
7	0.689821	0.528592	0.028592	0.695566	0.492447	-0.007553	0.501751	0.407974	0.580019
8	0.688933	0.533646	0.033646	0.698838	0.496109	-0.003891	0.505232	0.484862	0.507769
9	0.687451	0.536545	0.036545	0.694567	0.500153	0.000153	0.506303	0.722422	0.269733
10	0.686201	0.537098	0.037098	0.699488	0.501373	0.001373	0.513895	0.376948	0.630360
11	0.684456	0.541466	0.041466	0.703494	0.496567	-0.003433	0.506983	0.397182	0.599596
12	0.682579	0.544079	0.044079	0.704940	0.493058	-0.006942	0.504031	0.252998	0.741920
13	0.681095	0.547608	0.047608	0.702837	0.499085	-0.000915	0.508772	0.460731	0.538844
14	0.679628	0.547227	0.047227	0.703633	0.497330	-0.002670	0.507588	0.416067	0.581572
15	0.677736	0.552453	0.052453	0.711068	0.495194	-0.004806	0.506223	0.335282	0.660970
16	0.675338	0.555924	0.055924	0.709429	0.497635	-0.002365	0.509875	0.336631	0.664543
17	0.673218	0.562409	0.062409	0.716479	0.498932	-0.001068	0.508907	0.445294	0.554537
18	0.670827	0.563802	0.063802	0.719690	0.497330	-0.002670	0.509200	0.344275	0.655998
19	0.669126	0.569467	0.069467	0.710088	0.499161	-0.000839	0.513020	0.315947	0.689093
20	0.666255	0.572499	0.072499	0.726021	0.496491	-0.003509	0.507188	0.380695	0.616532
