=== TRAINING REPORT ===

[CONFIG]
data_path: ../Ciphers/Speck-64/speck64_R1_r6_s3067982204.npz
model: mlp
batch_size: 128
lr: 0.001
epochs: 20
train_split: 0.8
split_seed: 1234
device: cpu

[DATASET METADATA]
key: 11237905005811331509669910174386551235
seed: 3067982204
rounds: 6
delta: 1

[DATA SHAPES]
train_size: 52428
test_size: 13108
num_rows: 1
block_size: 64
trainable_parameters: 49665

[SUMMARY]
best_test_acc: 0.564312
best_test_adv: 0.064312
best_epoch: 3
best_epoch_train_acc: 0.550298
best_epoch_train_loss: 0.686842
best_epoch_test_loss: 0.685963
final_train_acc: 0.797150
final_test_acc: 0.517699
final_train_loss: 0.437560
final_test_loss: 0.951902
final_test_adv: 0.017699
max_overfit_gap_train_minus_test_acc: 0.279451
epoch_min_test_loss: 3
min_test_loss: 0.685963

[FINAL CONFUSION COUNTS]
TP: 3712
TN: 3074
FP: 3395
FN: 2927
precision: 0.522302
recall: 0.559120
specificity: 0.475189

[EPOCH-BY-EPOCH]
epoch	train_loss	train_acc	train_adv	test_loss	test_acc	test_adv	test_precision	test_recall	test_specificity
1	0.693436	0.502327	0.002327	0.693022	0.507324	0.007324	0.507340	0.942160	0.061060
2	0.692418	0.514343	0.014343	0.691032	0.529219	0.029219	0.543237	0.442838	0.617870
3	0.686842	0.550298	0.050298	0.685963	0.564312	0.064312	0.566438	0.595873	0.531921
4	0.682250	0.566186	0.066186	0.688945	0.555386	0.055386	0.547960	0.697846	0.409182
5	0.678387	0.575265	0.075265	0.690355	0.552106	0.052106	0.555077	0.582919	0.520482
6	0.672384	0.584325	0.084325	0.698624	0.536771	0.036771	0.557728	0.412562	0.664245
7	0.664733	0.596666	0.096666	0.702107	0.536085	0.036085	0.549102	0.469950	0.603957
8	0.653853	0.614137	0.114137	0.710419	0.536466	0.036466	0.548644	0.478235	0.596228
9	0.642712	0.626879	0.126879	0.722326	0.530973	0.030973	0.547753	0.424160	0.640594
10	0.628371	0.643587	0.143587	0.734177	0.519225	0.019225	0.532311	0.418135	0.622971
11	0.612493	0.661345	0.161345	0.734408	0.531126	0.031126	0.537490	0.532309	0.529912
12	0.595946	0.678054	0.178054	0.766444	0.518691	0.018691	0.529496	0.446152	0.593136
13	0.576850	0.692817	0.192817	0.775675	0.526778	0.026778	0.532499	0.538033	0.515226
14	0.558319	0.710212	0.210212	0.798729	0.527693	0.027693	0.532018	0.560627	0.493894
15	0.538755	0.724727	0.224727	0.820292	0.521056	0.021056	0.530321	0.475523	0.567785
16	0.519429	0.738441	0.238441	0.836502	0.519530	0.019530	0.526438	0.511372	0.527902
17	0.499465	0.754406	0.254406	0.858321	0.523726	0.023726	0.532738	0.485314	0.563147
18	0.477181	0.771057	0.271057	0.886932	0.517013	0.017013	0.523634	0.513933	0.520173
19	0.457887	0.784924	0.284924	0.918568	0.523039	0.023039	0.530401	0.508510	0.537950
20	0.437560	0.797150	0.297150	0.951902	0.517699	0.017699	0.522302	0.559120	0.475189
