=== TRAINING REPORT ===

[CONFIG]
data_path: ../Ciphers/Speck-64/speck64_R1_r4_s1392213447.npz
model: mlp
batch_size: 128
lr: 0.001
epochs: 20
train_split: 0.8
split_seed: 1234
device: cpu

[DATASET METADATA]
key: 220622241806893999803785245656304302175
seed: 1392213447
rounds: 4
delta: 1

[DATA SHAPES]
train_size: 52428
test_size: 13108
num_rows: 1
block_size: 64
trainable_parameters: 49665

[SUMMARY]
best_test_acc: 0.970247
best_test_adv: 0.470247
best_epoch: 8
best_epoch_train_acc: 0.980697
best_epoch_train_loss: 0.056576
best_epoch_test_loss: 0.091811
final_train_acc: 0.996223
final_test_acc: 0.968340
final_train_loss: 0.011891
final_test_loss: 0.155022
final_test_adv: 0.468340
max_overfit_gap_train_minus_test_acc: 0.027883
epoch_min_test_loss: 8
min_test_loss: 0.091811

[FINAL CONFUSION COUNTS]
TP: 6264
TN: 6429
FP: 187
FN: 228
precision: 0.971012
recall: 0.964880
specificity: 0.971735

[EPOCH-BY-EPOCH]
epoch	train_loss	train_acc	train_adv	test_loss	test_acc	test_adv	test_precision	test_recall	test_specificity
1	0.242566	0.915827	0.415827	0.155736	0.950793	0.450793	0.972982	0.926371	0.974758
2	0.117830	0.960155	0.460155	0.102710	0.966814	0.466814	0.986662	0.945779	0.987455
3	0.089911	0.968166	0.468166	0.093301	0.968645	0.468645	0.979953	0.956254	0.980804
4	0.079688	0.971618	0.471618	0.099173	0.965365	0.465365	0.964176	0.965958	0.964782
5	0.072595	0.974708	0.474708	0.094467	0.968264	0.468264	0.972767	0.962877	0.973549
6	0.066644	0.976177	0.476177	0.101372	0.965670	0.465670	0.960659	0.970425	0.961004
7	0.061320	0.978428	0.478428	0.093927	0.968493	0.468493	0.975442	0.960567	0.976270
8	0.056576	0.980697	0.480697	0.091811	0.970247	0.470247	0.983672	0.955792	0.984432
9	0.052863	0.981727	0.481727	0.092237	0.969866	0.469866	0.979550	0.959181	0.980351
10	0.047479	0.983845	0.483845	0.097893	0.970171	0.470171	0.978660	0.960721	0.979444
11	0.043854	0.984340	0.484340	0.104491	0.965441	0.465441	0.964039	0.966266	0.964631
12	0.037791	0.986725	0.486725	0.105389	0.967196	0.467196	0.967170	0.966574	0.967805
13	0.034528	0.987392	0.487392	0.109248	0.967958	0.467958	0.974227	0.960721	0.975060
14	0.029404	0.989776	0.489776	0.112884	0.969789	0.469789	0.980000	0.958564	0.980804
15	0.023852	0.991798	0.491798	0.129267	0.965594	0.465594	0.964621	0.965958	0.965236
16	0.021920	0.992161	0.492161	0.137306	0.969713	0.469713	0.979846	0.958564	0.980653
17	0.018501	0.992847	0.492847	0.136777	0.968111	0.468111	0.964231	0.971657	0.964631
18	0.018080	0.993610	0.493610	0.149803	0.968874	0.468874	0.974423	0.962415	0.975212
19	0.013654	0.995499	0.495499	0.149361	0.969027	0.469027	0.969744	0.967652	0.970375
20	0.011891	0.996223	0.496223	0.155022	0.968340	0.468340	0.971012	0.964880	0.971735
