=== TRAINING REPORT ===

[CONFIG]
data_path: ../Ciphers/Speck-64/Database/speck64_R2_r5_s2078877062.npz
model: resnet
batch_size: 128
lr: 0.001
epochs: 20
train_split: 0.8
split_seed: 1234
device: cpu

[DATASET METADATA]
key: 132700422768683919029096291343433878185
seed: 2078877062
rounds: 5
deltas: [0, 1, 2, 16, 4294967297, 65544, 51, 3855]

[DATA SHAPES]
train_size: 52428
test_size: 13108
num_rows: 7
block_size: 64
trainable_parameters: 125505

[SUMMARY]
best_test_acc: 0.622063
best_test_adv: 0.122063
best_epoch: 5
best_epoch_train_acc: 0.635882
best_epoch_train_loss: 0.629942
best_epoch_test_loss: 0.650028
final_train_acc: 0.921759
final_test_acc: 0.572093
final_train_loss: 0.194649
final_test_loss: 1.429035
final_test_adv: 0.072093
max_overfit_gap_train_minus_test_acc: 0.355692
epoch_min_test_loss: 4
min_test_loss: 0.647337

[FINAL CONFUSION COUNTS]
TP: 4309
TN: 3190
FP: 3347
FN: 2262
precision: 0.562827
recall: 0.655760
specificity: 0.487991

[EPOCH-BY-EPOCH]
epoch	train_loss	train_acc	train_adv	test_loss	test_acc	test_adv	test_precision	test_recall	test_specificity
1	0.667333	0.586309	0.086309	0.660505	0.601617	0.101617	0.676248	0.393852	0.810464
2	0.652928	0.611238	0.111238	0.700910	0.563702	0.063702	0.540105	0.873079	0.252715
3	0.646280	0.618105	0.118105	0.647778	0.609017	0.109017	0.610348	0.608583	0.609454
4	0.639176	0.628138	0.128138	0.647337	0.616875	0.116875	0.650476	0.509511	0.724797
5	0.629942	0.635882	0.135882	0.650028	0.622063	0.122063	0.685649	0.454421	0.790577
6	0.619285	0.650759	0.150759	0.676830	0.604821	0.104821	0.718367	0.348197	0.862781
7	0.607464	0.661955	0.161955	0.651448	0.616417	0.116417	0.617625	0.616497	0.616338
8	0.594006	0.676909	0.176909	0.656670	0.614052	0.114052	0.612937	0.624410	0.603641
9	0.575911	0.693370	0.193370	0.660299	0.614434	0.114434	0.628147	0.565820	0.663301
10	0.553974	0.711585	0.211585	0.761106	0.596735	0.096735	0.751271	0.292345	0.902708
11	0.527559	0.732872	0.232872	0.883406	0.577510	0.077510	0.754810	0.232841	0.923971
12	0.496067	0.756809	0.256809	0.749515	0.584834	0.084834	0.580631	0.618627	0.550864
13	0.461423	0.779698	0.279698	0.830391	0.574382	0.074382	0.556725	0.740831	0.407067
14	0.421876	0.804971	0.304971	0.862165	0.576366	0.076366	0.563609	0.686349	0.465810
15	0.382341	0.826619	0.326619	0.926300	0.589258	0.089258	0.595741	0.562015	0.616644
16	0.341705	0.849012	0.349012	1.275159	0.571788	0.071788	0.671071	0.285953	0.859110
17	0.299332	0.871691	0.371691	1.091005	0.578654	0.078654	0.597579	0.488358	0.669420
18	0.259229	0.890517	0.390517	1.318691	0.571941	0.071941	0.557034	0.713438	0.429708
19	0.225630	0.906348	0.406348	1.496704	0.550656	0.050656	0.535718	0.777203	0.322931
20	0.194649	0.921759	0.421759	1.429035	0.572093	0.072093	0.562827	0.655760	0.487991
