=== TRAINING REPORT ===

[CONFIG]
data_path: ../Ciphers/Speck-64/speck64_R1_r5_s2078877062.npz
model: mlp
batch_size: 128
lr: 0.001
epochs: 20
train_split: 0.8
split_seed: 1234
device: cpu

[DATASET METADATA]
key: 132700422768683919029096291343433878185
seed: 2078877062
rounds: 5
delta: 1

[DATA SHAPES]
train_size: 52428
test_size: 13108
num_rows: 1
block_size: 64
trainable_parameters: 49665

[SUMMARY]
best_test_acc: 0.813091
best_test_adv: 0.313091
best_epoch: 6
best_epoch_train_acc: 0.821527
best_epoch_train_loss: 0.402024
best_epoch_test_loss: 0.434892
final_train_acc: 0.894999
final_test_acc: 0.768233
final_train_loss: 0.246688
final_test_loss: 0.586960
final_test_adv: 0.268233
max_overfit_gap_train_minus_test_acc: 0.126766
epoch_min_test_loss: 5
min_test_loss: 0.432090

[FINAL CONFUSION COUNTS]
TP: 4918
TN: 5152
FP: 1385
FN: 1653
precision: 0.780263
recall: 0.748440
specificity: 0.788129

[EPOCH-BY-EPOCH]
epoch	train_loss	train_acc	train_adv	test_loss	test_acc	test_adv	test_precision	test_recall	test_specificity
1	0.594846	0.680877	0.180877	0.488407	0.798215	0.298215	0.805763	0.787247	0.809240
2	0.470345	0.799630	0.299630	0.460144	0.810726	0.310726	0.839701	0.769289	0.852379
3	0.443834	0.809300	0.309300	0.449096	0.810421	0.310421	0.870780	0.730178	0.891082
4	0.427221	0.814794	0.314794	0.438163	0.809735	0.309735	0.846861	0.757419	0.862322
5	0.413380	0.818132	0.318132	0.432090	0.811871	0.311871	0.837971	0.774464	0.849472
6	0.402024	0.821527	0.321527	0.434892	0.813091	0.313091	0.843245	0.770355	0.856050
7	0.390418	0.826238	0.326238	0.433564	0.812023	0.312023	0.862617	0.743418	0.880985
8	0.381209	0.828107	0.328107	0.442588	0.810421	0.310421	0.840955	0.766854	0.854214
9	0.372484	0.831846	0.331846	0.441749	0.809277	0.309277	0.848366	0.754375	0.864464
10	0.359717	0.837396	0.337396	0.449559	0.797757	0.297757	0.834129	0.744636	0.851155
11	0.350271	0.843214	0.343214	0.465799	0.801648	0.301648	0.837040	0.750419	0.853144
12	0.338180	0.847086	0.347086	0.478729	0.794782	0.294782	0.847324	0.720438	0.869512
13	0.329341	0.852522	0.352522	0.474081	0.790815	0.290815	0.816394	0.751788	0.830044
14	0.315252	0.859369	0.359369	0.493873	0.785551	0.285551	0.811361	0.745549	0.825761
15	0.306161	0.864614	0.364614	0.509640	0.779066	0.279066	0.782736	0.774159	0.783999
16	0.292126	0.871386	0.371386	0.536994	0.788145	0.288145	0.829569	0.726678	0.849931
17	0.282088	0.874437	0.374437	0.544544	0.786009	0.286009	0.810214	0.748440	0.823772
18	0.271335	0.880426	0.380426	0.556151	0.774718	0.274718	0.804136	0.727895	0.821784
19	0.258330	0.889734	0.389734	0.571701	0.767699	0.267699	0.813478	0.696241	0.839529
20	0.246688	0.894999	0.394999	0.586960	0.768233	0.268233	0.780263	0.748440	0.788129
