=== TRAINING REPORT ===

[CONFIG]
data_path: ../Ciphers/Speck-64/speck64_R2_r4_s1392213447.npz
model: mlp
batch_size: 128
lr: 0.001
epochs: 20
train_split: 0.8
split_seed: 1234
device: cpu

[DATASET METADATA]
key: 220622241806893999803785245656304302175
seed: 1392213447
rounds: 4
deltas: [0, 1, 2, 16, 4294967297, 65544, 51, 3855]

[DATA SHAPES]
train_size: 52428
test_size: 13108
num_rows: 7
block_size: 64
trainable_parameters: 147969

[SUMMARY]
best_test_acc: 0.979097
best_test_adv: 0.479097
best_epoch: 9
best_epoch_train_acc: 0.995346
best_epoch_train_loss: 0.015580
best_epoch_test_loss: 0.083637
final_train_acc: 0.997921
final_test_acc: 0.974138
final_train_loss: 0.005863
final_test_loss: 0.146613
final_test_adv: 0.474138
max_overfit_gap_train_minus_test_acc: 0.030153
epoch_min_test_loss: 4
min_test_loss: 0.069334

[FINAL CONFUSION COUNTS]
TP: 6344
TN: 6425
FP: 191
FN: 148
precision: 0.970773
recall: 0.977203
specificity: 0.971131

[EPOCH-BY-EPOCH]
epoch	train_loss	train_acc	train_adv	test_loss	test_acc	test_adv	test_precision	test_recall	test_specificity
1	0.179216	0.934386	0.434386	0.178207	0.931797	0.431797	0.997512	0.864449	0.997884
2	0.119032	0.958152	0.458152	0.097109	0.968721	0.468721	0.972792	0.963802	0.973549
3	0.079951	0.973201	0.473201	0.080954	0.972765	0.472765	0.989625	0.955022	0.990175
4	0.058321	0.980774	0.480774	0.069334	0.975893	0.475893	0.981747	0.969347	0.982316
5	0.047059	0.984493	0.484493	0.078588	0.974138	0.474138	0.968051	0.980129	0.968259
6	0.037463	0.987354	0.487354	0.078702	0.974825	0.474825	0.980056	0.968885	0.980653
7	0.028206	0.990539	0.490539	0.078235	0.976503	0.476503	0.978638	0.973814	0.979141
8	0.022671	0.992313	0.492313	0.084159	0.974596	0.474596	0.969794	0.979205	0.970073
9	0.015580	0.995346	0.495346	0.083637	0.979097	0.479097	0.987457	0.970117	0.987908
10	0.009844	0.997024	0.497024	0.108395	0.975206	0.475206	0.990925	0.958718	0.991385
11	0.017127	0.993591	0.493591	0.097625	0.976045	0.476045	0.975085	0.976587	0.975514
12	0.010451	0.996109	0.496109	0.098605	0.977266	0.477266	0.986950	0.966882	0.987455
13	0.006988	0.997559	0.497559	0.117330	0.976350	0.476350	0.985548	0.966420	0.986094
14	0.007583	0.997005	0.497005	0.124727	0.972536	0.472536	0.963282	0.981978	0.963271
15	0.008994	0.996834	0.496834	0.105231	0.977266	0.477266	0.983906	0.969963	0.984432
16	0.003516	0.998951	0.498951	0.161012	0.968798	0.468798	0.954702	0.983672	0.954202
17	0.004917	0.998188	0.498188	0.140954	0.973909	0.473909	0.968464	0.979205	0.968712
18	0.009190	0.996834	0.496834	0.109767	0.978334	0.478334	0.984697	0.971349	0.985187
19	0.001632	0.999561	0.499561	0.134608	0.979097	0.479097	0.988683	0.968885	0.989117
20	0.005863	0.997921	0.497921	0.146613	0.974138	0.474138	0.970773	0.977203	0.971131
