=== TRAINING REPORT ===

[CONFIG]
data_path: ../Ciphers/Present-64/present64_R2_r6_s864020793.npz
model: mlp
batch_size: 128
lr: 0.001
epochs: 20
train_split: 0.8
split_seed: 1234
device: cpu

[DATASET METADATA]
key: 178989577612992825994652
seed: 864020793
rounds: 6
deltas: [0, 1, 2, 16, 4294967297, 65544, 51, 3855]

[DATA SHAPES]
train_size: 52428
test_size: 13108
num_rows: 7
block_size: 64
trainable_parameters: 147969

[SUMMARY]
best_test_acc: 0.548978
best_test_adv: 0.048978
best_epoch: 6
best_epoch_train_acc: 0.570974
best_epoch_train_loss: 0.674474
best_epoch_test_loss: 0.685635
final_train_acc: 0.705577
final_test_acc: 0.529143
final_train_loss: 0.561270
final_test_loss: 0.802553
final_test_adv: 0.029143
max_overfit_gap_train_minus_test_acc: 0.176435
epoch_min_test_loss: 6
min_test_loss: 0.685635

[FINAL CONFUSION COUNTS]
TP: 2998
TN: 3938
FP: 2630
FN: 3542
precision: 0.532694
recall: 0.458410
specificity: 0.599574

[EPOCH-BY-EPOCH]
epoch	train_loss	train_acc	train_adv	test_loss	test_acc	test_adv	test_precision	test_recall	test_specificity
1	0.692273	0.517224	0.017224	0.689748	0.537839	0.037839	0.558552	0.351529	0.723356
2	0.685036	0.549516	0.049516	0.687677	0.544324	0.044324	0.541296	0.568196	0.520554
3	0.682337	0.554723	0.054723	0.685867	0.546842	0.046842	0.553667	0.473242	0.620128
4	0.679959	0.559415	0.059415	0.685693	0.546079	0.046079	0.551791	0.480581	0.611297
5	0.678044	0.562638	0.062638	0.686641	0.547528	0.047528	0.559253	0.439450	0.655146
6	0.674474	0.570974	0.070974	0.685635	0.548978	0.048978	0.566894	0.406881	0.690469
7	0.671994	0.573568	0.073568	0.691554	0.544095	0.044095	0.540953	0.569572	0.518727
8	0.666000	0.588731	0.088731	0.688126	0.548215	0.048215	0.552748	0.495107	0.601096
9	0.657784	0.599565	0.099565	0.691208	0.544858	0.044858	0.568301	0.365138	0.723812
10	0.652762	0.606909	0.106909	0.703834	0.544934	0.044934	0.562001	0.398471	0.690773
11	0.641499	0.620584	0.120584	0.709704	0.547681	0.047681	0.548163	0.531651	0.563642
12	0.634927	0.630159	0.130159	0.731127	0.544629	0.044629	0.549489	0.484709	0.604294
13	0.624922	0.643225	0.143225	0.707229	0.539289	0.039289	0.547578	0.440826	0.637333
14	0.616483	0.654440	0.154440	0.721164	0.543103	0.043103	0.562943	0.376758	0.708739
15	0.606998	0.662203	0.162203	0.757132	0.539594	0.039594	0.541427	0.504587	0.574452
16	0.597302	0.671759	0.171759	0.733519	0.536009	0.036009	0.548170	0.398471	0.672960
17	0.590060	0.679599	0.179599	0.768969	0.539213	0.039213	0.543343	0.479205	0.598965
18	0.579633	0.688659	0.188659	0.812389	0.535780	0.035780	0.536476	0.511621	0.559836
19	0.570274	0.695354	0.195354	0.821631	0.531889	0.031889	0.529284	0.558257	0.505633
20	0.561270	0.705577	0.205577	0.802553	0.529143	0.029143	0.532694	0.458410	0.599574
