=== TRAINING REPORT ===

[CONFIG]
data_path: ../Ciphers/Present-64/Database/present64_R1_r4_s854180978.npz
model: resnet
batch_size: 128
lr: 0.001
epochs: 20
train_split: 0.8
split_seed: 1234
device: cpu

[DATASET METADATA]
key: 808730264479656975403284
seed: 854180978
rounds: 4
delta: 1

[DATA SHAPES]
train_size: 52428
test_size: 13108
num_rows: 1
block_size: 64
trainable_parameters: 125121

[SUMMARY]
best_test_acc: 0.895102
best_test_adv: 0.395102
best_epoch: 17
best_epoch_train_acc: 0.907912
best_epoch_train_loss: 0.219532
best_epoch_test_loss: 0.260714
final_train_acc: 0.912699
final_test_acc: 0.890754
final_train_loss: 0.209144
final_test_loss: 0.266624
final_test_adv: 0.390754
max_overfit_gap_train_minus_test_acc: 0.028125
epoch_min_test_loss: 12
min_test_loss: 0.255360

[FINAL CONFUSION COUNTS]
TP: 5781
TN: 5895
FP: 630
FN: 802
precision: 0.901731
recall: 0.878171
specificity: 0.903448

[EPOCH-BY-EPOCH]
epoch	train_loss	train_acc	train_adv	test_loss	test_acc	test_adv	test_precision	test_recall	test_specificity
1	0.390925	0.821126	0.321126	0.410598	0.824077	0.324077	0.907411	0.723530	0.925517
2	0.368187	0.835946	0.335946	0.368935	0.829112	0.329112	0.794441	0.890020	0.767663
3	0.318098	0.862421	0.362421	0.283738	0.883430	0.383430	0.925290	0.835333	0.931954
4	0.266950	0.887407	0.387407	0.262136	0.892432	0.392432	0.908030	0.874373	0.910651
5	0.257659	0.890745	0.390745	0.260134	0.891211	0.391211	0.912230	0.866778	0.915862
6	0.250835	0.893091	0.393091	0.263143	0.893195	0.393195	0.931413	0.849916	0.936858
7	0.246006	0.895972	0.395972	0.256662	0.893119	0.393119	0.895090	0.891691	0.894559
8	0.243993	0.897402	0.397402	0.258929	0.889381	0.389381	0.881409	0.900957	0.877701
9	0.240377	0.899653	0.399653	0.260543	0.894721	0.394721	0.923766	0.861461	0.928276
10	0.237658	0.900149	0.400149	0.270092	0.889991	0.389991	0.938129	0.836093	0.944368
11	0.234575	0.901675	0.401675	0.275340	0.892966	0.392966	0.933836	0.846878	0.939464
12	0.232737	0.902628	0.402628	0.255360	0.893653	0.393653	0.899092	0.887893	0.899464
13	0.228239	0.905604	0.405604	0.258914	0.892203	0.392203	0.882170	0.906426	0.877854
14	0.227346	0.904765	0.404765	0.259741	0.892508	0.392508	0.886235	0.901717	0.883218
15	0.223581	0.907263	0.407263	0.261388	0.893805	0.393805	0.904472	0.881665	0.906054
16	0.221545	0.907244	0.407244	0.266155	0.888084	0.388084	0.872019	0.910831	0.865134
17	0.219532	0.907912	0.407912	0.260714	0.895102	0.395102	0.903096	0.886222	0.904061
18	0.215020	0.910258	0.410258	0.266594	0.891822	0.391822	0.902196	0.879994	0.903755
19	0.211110	0.912547	0.412547	0.272138	0.884422	0.384422	0.866291	0.910375	0.858238
20	0.209144	0.912699	0.412699	0.266624	0.890754	0.390754	0.901731	0.878171	0.903448
