=== TRAINING REPORT ===

[CONFIG]
data_path: ../Ciphers/Present-64/Database/present64_R1_r6_s864020793.npz
model: resnet
batch_size: 128
lr: 0.001
epochs: 20
train_split: 0.8
split_seed: 1234
device: cpu

[DATASET METADATA]
key: 178989577612992825994652
seed: 864020793
rounds: 6
delta: 1

[DATA SHAPES]
train_size: 52428
test_size: 13108
num_rows: 1
block_size: 64
trainable_parameters: 125121

[SUMMARY]
best_test_acc: 0.527693
best_test_adv: 0.027693
best_epoch: 19
best_epoch_train_acc: 0.530079
best_epoch_train_loss: 0.690323
best_epoch_test_loss: 0.691395
final_train_acc: 0.530842
final_test_acc: 0.514037
final_train_loss: 0.690249
final_test_loss: 0.692597
final_test_adv: 0.014037
max_overfit_gap_train_minus_test_acc: 0.018693
epoch_min_test_loss: 13
min_test_loss: 0.691073

[FINAL CONFUSION COUNTS]
TP: 4653
TN: 2085
FP: 4483
FN: 1887
precision: 0.509304
recall: 0.711468
specificity: 0.317448

[EPOCH-BY-EPOCH]
epoch	train_loss	train_acc	train_adv	test_loss	test_acc	test_adv	test_precision	test_recall	test_specificity
1	0.696173	0.516003	0.016003	0.693573	0.514648	0.014648	0.532697	0.221713	0.806334
2	0.692327	0.522393	0.022393	0.693417	0.520369	0.020369	0.570006	0.157492	0.881699
3	0.691627	0.523213	0.023213	0.691751	0.522048	0.022048	0.518147	0.600306	0.444123
4	0.692087	0.523003	0.023003	0.691392	0.523345	0.023345	0.527991	0.421101	0.625152
5	0.692310	0.520695	0.020695	0.691941	0.526396	0.026396	0.543139	0.319572	0.732339
6	0.691413	0.523766	0.023766	0.701649	0.508316	0.008316	0.598344	0.044190	0.970463
7	0.691031	0.526322	0.026322	0.691760	0.520369	0.020369	0.515670	0.636544	0.404689
8	0.691213	0.525635	0.025635	0.692636	0.506942	0.006942	0.503727	0.795719	0.219397
9	0.690868	0.523995	0.023995	0.691620	0.524107	0.024107	0.530493	0.401682	0.646011
10	0.690825	0.523156	0.023156	0.694960	0.522505	0.022505	0.561976	0.194801	0.848812
11	0.690592	0.526226	0.026226	0.691308	0.522734	0.022734	0.524704	0.461162	0.584044
12	0.690623	0.526532	0.026532	0.692593	0.511901	0.011901	0.507393	0.745107	0.279689
13	0.690723	0.525654	0.025654	0.691073	0.523879	0.023879	0.521173	0.562691	0.485231
14	0.690406	0.527180	0.027180	0.694498	0.521971	0.021971	0.567421	0.176300	0.866169
15	0.690888	0.527104	0.027104	0.692025	0.527083	0.027083	0.541861	0.337462	0.715895
16	0.690164	0.527314	0.027314	0.692129	0.516097	0.016097	0.511205	0.687156	0.345767
17	0.690537	0.530060	0.030060	0.693278	0.522963	0.022963	0.545744	0.261774	0.783039
18	0.690600	0.530518	0.030518	0.692622	0.514266	0.014266	0.509095	0.740367	0.289129
19	0.690323	0.530079	0.030079	0.691395	0.527693	0.027693	0.529926	0.472477	0.582674
20	0.690249	0.530842	0.030842	0.692597	0.514037	0.014037	0.509304	0.711468	0.317448
