=== TRAINING REPORT ===

[CONFIG]
data_path: ../Ciphers/Present-64/present64_R2_r4_s854180978.npz
model: mlp
batch_size: 128
lr: 0.001
epochs: 20
train_split: 0.8
split_seed: 1234
device: cpu

[DATASET METADATA]
key: 808730264479656975403284
seed: 854180978
rounds: 4
deltas: [0, 1, 2, 16, 4294967297, 65544, 51, 3855]

[DATA SHAPES]
train_size: 52428
test_size: 13108
num_rows: 7
block_size: 64
trainable_parameters: 147969

[SUMMARY]
best_test_acc: 0.993897
best_test_adv: 0.493897
best_epoch: 18
best_epoch_train_acc: 0.998722
best_epoch_train_loss: 0.004091
best_epoch_test_loss: 0.023526
final_train_acc: 0.999294
final_test_acc: 0.993058
final_train_loss: 0.002162
final_test_loss: 0.026373
final_test_adv: 0.493058
max_overfit_gap_train_minus_test_acc: 0.013198
epoch_min_test_loss: 18
min_test_loss: 0.023526

[FINAL CONFUSION COUNTS]
TP: 6530
TN: 6487
FP: 38
FN: 53
precision: 0.994214
recall: 0.991949
specificity: 0.994176

[EPOCH-BY-EPOCH]
epoch	train_loss	train_acc	train_adv	test_loss	test_acc	test_adv	test_precision	test_recall	test_specificity
1	0.115865	0.954147	0.454147	0.051462	0.981157	0.481157	0.993458	0.968859	0.993563
2	0.035709	0.987888	0.487888	0.031630	0.987565	0.487565	0.998292	0.976910	0.998314
3	0.015464	0.994888	0.494888	0.041147	0.985734	0.485734	0.999531	0.972049	0.999540
4	0.008493	0.997139	0.497139	0.025599	0.991150	0.491150	0.993288	0.989063	0.993257
5	0.006635	0.997692	0.497692	0.032625	0.989854	0.489854	0.994026	0.985721	0.994023
6	0.006722	0.997463	0.497463	0.024515	0.993058	0.493058	0.994214	0.991949	0.994176
7	0.004310	0.998379	0.498379	0.026496	0.991303	0.491303	0.990447	0.992253	0.990345
8	0.002657	0.999218	0.499218	0.044755	0.986878	0.486878	0.978076	0.996202	0.977471
9	0.005653	0.998035	0.498035	0.027652	0.992371	0.492371	0.996021	0.988759	0.996015
10	0.005374	0.998074	0.498074	0.033898	0.990540	0.490540	0.985274	0.996050	0.984981
11	0.003572	0.998627	0.498627	0.030138	0.992066	0.492066	0.994354	0.989822	0.994330
12	0.003375	0.998722	0.498722	0.028302	0.992600	0.492600	0.997393	0.987847	0.997395
13	0.002331	0.999180	0.499180	0.035103	0.991532	0.491532	0.998153	0.984961	0.998161
14	0.001510	0.999466	0.499466	0.050750	0.989167	0.489167	0.998607	0.979796	0.998621
15	0.003753	0.998798	0.498798	0.038402	0.991837	0.491837	0.998921	0.984809	0.998927
16	0.001222	0.999619	0.499619	0.035799	0.992829	0.492829	0.998311	0.987392	0.998314
17	0.002309	0.999313	0.499313	0.051008	0.986115	0.486115	0.978186	0.994531	0.977625
18	0.004091	0.998722	0.498722	0.023526	0.993897	0.493897	0.994525	0.993316	0.994483
19	0.001954	0.999142	0.499142	0.035292	0.991227	0.491227	0.998766	0.983746	0.998774
20	0.002162	0.999294	0.499294	0.026373	0.993058	0.493058	0.994214	0.991949	0.994176
