=== TRAINING REPORT ===

[CONFIG]
data_path: ../Ciphers/Present-64/present64_R1_r7_s323587303.npz
model: mlp
batch_size: 128
lr: 0.001
epochs: 20
train_split: 0.8
split_seed: 1234
device: cpu

[DATASET METADATA]
key: 469536997091937569716946
seed: 323587303
rounds: 7
delta: 1

[DATA SHAPES]
train_size: 52428
test_size: 13108
num_rows: 1
block_size: 64
trainable_parameters: 49665

[SUMMARY]
best_test_acc: 0.509002
best_test_adv: 0.009002
best_epoch: 4
best_epoch_train_acc: 0.530842
best_epoch_train_loss: 0.690142
best_epoch_test_loss: 0.693328
final_train_acc: 0.801747
final_test_acc: 0.504501
final_train_loss: 0.428835
final_test_loss: 0.975737
final_test_adv: 0.004501
max_overfit_gap_train_minus_test_acc: 0.297246
epoch_min_test_loss: 2
min_test_loss: 0.693301

[FINAL CONFUSION COUNTS]
TP: 3504
TN: 3109
FP: 3357
FN: 3138
precision: 0.510713
recall: 0.527552
specificity: 0.480823

[EPOCH-BY-EPOCH]
epoch	train_loss	train_acc	train_adv	test_loss	test_acc	test_adv	test_precision	test_recall	test_specificity
1	0.693509	0.502384	0.002384	0.693329	0.495423	-0.004577	0.510920	0.098615	0.903031
2	0.692948	0.511654	0.011654	0.693301	0.497559	-0.002441	0.511102	0.194068	0.809310
3	0.692019	0.518292	0.018292	0.694527	0.500915	0.000915	0.526940	0.147245	0.864213
4	0.690142	0.530842	0.030842	0.693328	0.509002	0.009002	0.512979	0.612918	0.402258
5	0.686527	0.546902	0.046902	0.698753	0.508087	0.008087	0.512269	0.609756	0.403650
6	0.679757	0.564012	0.064012	0.703047	0.505493	0.005493	0.510106	0.607949	0.400247
7	0.671185	0.580529	0.080529	0.708294	0.502060	0.002060	0.508339	0.527702	0.475719
8	0.660190	0.599126	0.099126	0.719362	0.508316	0.008316	0.512286	0.618338	0.395298
9	0.647507	0.617018	0.117018	0.739154	0.501526	0.001526	0.509042	0.457693	0.546551
10	0.634290	0.634489	0.134489	0.751365	0.506103	0.006103	0.511438	0.565492	0.445097
11	0.615498	0.656691	0.156691	0.757287	0.498016	-0.001984	0.505305	0.444595	0.552892
12	0.595774	0.675689	0.175689	0.779259	0.501373	0.001373	0.508250	0.491569	0.511444
13	0.577410	0.692130	0.192130	0.796520	0.505874	0.005874	0.511886	0.534929	0.476028
14	0.555649	0.708858	0.208858	0.810444	0.507095	0.007095	0.512582	0.555104	0.457779
15	0.534039	0.726253	0.226253	0.847521	0.506179	0.006179	0.512421	0.524842	0.487009
16	0.513025	0.742370	0.242370	0.869212	0.504425	0.004425	0.510698	0.524691	0.483607
17	0.491632	0.756828	0.256828	0.900144	0.505722	0.005722	0.511865	0.529359	0.481441
18	0.470141	0.773136	0.273136	0.926009	0.508926	0.008926	0.516083	0.495182	0.523044
19	0.450002	0.787900	0.287900	0.963089	0.507858	0.007858	0.514503	0.510087	0.505568
20	0.428835	0.801747	0.301747	0.975737	0.504501	0.004501	0.510713	0.527552	0.480823
