=== TRAINING REPORT ===

[CONFIG]
data_path: ../Ciphers/Present-64/Database/present64_R1_r4_s854180978.npz
model: conv
batch_size: 128
lr: 0.001
epochs: 20
train_split: 0.8
split_seed: 1234
device: cpu

[DATASET METADATA]
key: 808730264479656975403284
seed: 854180978
rounds: 4
delta: 1

[DATA SHAPES]
train_size: 52428
test_size: 13108
num_rows: 1
block_size: 64
trainable_parameters: 12929

[SUMMARY]
best_test_acc: 0.821025
best_test_adv: 0.321025
best_epoch: 19
best_epoch_train_acc: 0.816052
best_epoch_train_loss: 0.398450
best_epoch_test_loss: 0.402307
final_train_acc: 0.816663
final_test_acc: 0.820034
final_train_loss: 0.397978
final_test_loss: 0.395908
final_test_adv: 0.320034
max_overfit_gap_train_minus_test_acc: 0.002542
epoch_min_test_loss: 20
min_test_loss: 0.395908

[FINAL CONFUSION COUNTS]
TP: 5219
TN: 5530
FP: 995
FN: 1364
precision: 0.839878
recall: 0.792800
specificity: 0.847510

[EPOCH-BY-EPOCH]
epoch	train_loss	train_acc	train_adv	test_loss	test_acc	test_adv	test_precision	test_recall	test_specificity
1	0.437802	0.797589	0.297589	0.418559	0.809048	0.309048	0.834865	0.772596	0.845824
2	0.415383	0.805257	0.305257	0.410088	0.809582	0.309582	0.821862	0.792648	0.826667
3	0.410656	0.808042	0.308042	0.409169	0.813244	0.313244	0.843267	0.771533	0.855326
4	0.408965	0.810063	0.310063	0.406173	0.812328	0.312328	0.829787	0.787939	0.836935
5	0.406817	0.810998	0.310998	0.405327	0.815838	0.315838	0.846320	0.773811	0.858238
6	0.406490	0.811627	0.311627	0.406359	0.815304	0.315304	0.846141	0.772748	0.858238
7	0.405687	0.811551	0.311551	0.402981	0.813854	0.313854	0.823722	0.800699	0.827126
8	0.404708	0.812047	0.312047	0.402948	0.812405	0.312405	0.821685	0.800091	0.824828
9	0.403775	0.813382	0.313382	0.401912	0.816067	0.316067	0.845479	0.775482	0.857011
10	0.402794	0.813649	0.313649	0.400093	0.816829	0.316829	0.831905	0.796142	0.837701
11	0.401844	0.813840	0.313840	0.401269	0.815075	0.315075	0.817918	0.812699	0.817471
12	0.401052	0.814393	0.314393	0.399743	0.819500	0.319500	0.850890	0.776698	0.862682
13	0.400256	0.815328	0.315328	0.398638	0.816524	0.316524	0.828046	0.801003	0.832184
14	0.400459	0.813897	0.313897	0.402233	0.813320	0.313320	0.812954	0.816041	0.810575
15	0.399823	0.816033	0.316033	0.401763	0.813930	0.313930	0.808150	0.825460	0.802299
16	0.399230	0.815480	0.315480	0.400631	0.812939	0.312939	0.811774	0.816953	0.808889
17	0.399008	0.814889	0.314889	0.399979	0.820568	0.320568	0.862802	0.764241	0.877395
18	0.398549	0.815309	0.315309	0.399138	0.820262	0.320262	0.856348	0.771533	0.869425
19	0.398450	0.816052	0.316052	0.402307	0.821025	0.321025	0.861580	0.766824	0.875709
20	0.397978	0.816663	0.316663	0.395908	0.820034	0.320034	0.839878	0.792800	0.847510
