=== TRAINING REPORT ===

[CONFIG]
data_path: ../Ciphers/Present-64/present64_R1_r9_s2589752290.npz
model: mlp
batch_size: 128
lr: 0.001
epochs: 20
train_split: 0.8
split_seed: 1234
device: cpu

[DATASET METADATA]
key: 1030558955197452467359756
seed: 2589752290
rounds: 9
delta: 1

[DATA SHAPES]
train_size: 52428
test_size: 13108
num_rows: 1
block_size: 64
trainable_parameters: 49665

[SUMMARY]
best_test_acc: 0.502594
best_test_adv: 0.002594
best_epoch: 15
best_epoch_train_acc: 0.722019
best_epoch_train_loss: 0.542283
best_epoch_test_loss: 0.835356
final_train_acc: 0.802071
final_test_acc: 0.499847
final_train_loss: 0.431462
final_test_loss: 0.996986
final_test_adv: -0.000153
max_overfit_gap_train_minus_test_acc: 0.302224
epoch_min_test_loss: 1
min_test_loss: 0.693147

[FINAL CONFUSION COUNTS]
TP: 3327
TN: 3225
FP: 3395
FN: 3161
precision: 0.494942
recall: 0.512793
specificity: 0.487160

[EPOCH-BY-EPOCH]
epoch	train_loss	train_acc	train_adv	test_loss	test_acc	test_adv	test_precision	test_recall	test_specificity
1	0.693576	0.497063	-0.002937	0.693147	0.498856	-0.001144	0.495933	0.761252	0.241692
2	0.693053	0.510929	0.010929	0.693285	0.497635	-0.002365	0.494885	0.723181	0.276586
3	0.692460	0.514000	0.014000	0.693611	0.499085	-0.000915	0.495768	0.704223	0.298036
4	0.691537	0.521973	0.021973	0.693704	0.500381	0.000381	0.494676	0.436806	0.562689
5	0.689039	0.534257	0.034257	0.695712	0.497254	-0.002746	0.494187	0.668311	0.329607
6	0.684877	0.552300	0.052300	0.697503	0.499466	-0.000534	0.494278	0.485974	0.512689
7	0.677522	0.568227	0.068227	0.704216	0.498016	-0.001984	0.493026	0.501233	0.494864
8	0.668329	0.584287	0.084287	0.714289	0.501907	0.001907	0.497449	0.616060	0.390030
9	0.657862	0.603399	0.103399	0.717980	0.501984	0.001984	0.497115	0.531134	0.473414
10	0.643616	0.624914	0.124914	0.731414	0.502136	0.002136	0.496993	0.483970	0.519940
11	0.627662	0.641051	0.141051	0.741214	0.496872	-0.003128	0.492389	0.533446	0.461027
12	0.608795	0.662051	0.162051	0.768594	0.496948	-0.003052	0.492242	0.518342	0.475982
13	0.587501	0.680152	0.180152	0.778402	0.497788	-0.002212	0.492949	0.511868	0.483988
14	0.564619	0.701171	0.201171	0.817435	0.500610	0.000610	0.494748	0.421085	0.578550
15	0.542283	0.722019	0.222019	0.835356	0.502594	0.002594	0.497506	0.491985	0.512991
16	0.520148	0.737144	0.237144	0.875854	0.494278	-0.005722	0.489787	0.521116	0.467976
17	0.496810	0.755341	0.255341	0.882207	0.500153	0.000153	0.495104	0.498767	0.501511
18	0.474697	0.769512	0.269512	0.928433	0.498779	-0.001221	0.494104	0.529593	0.468580
19	0.453203	0.787823	0.287823	0.956970	0.497559	-0.002441	0.492614	0.503699	0.491541
20	0.431462	0.802071	0.302071	0.996986	0.499847	-0.000153	0.494942	0.512793	0.487160
