=== TRAINING REPORT ===

[CONFIG]
data_path: ../Ciphers/Present-64/Database/present64_R2_r5_s1282861426.npz
model: conv
batch_size: 128
lr: 0.001
epochs: 20
train_split: 0.8
split_seed: 1234
device: cpu

[DATASET METADATA]
key: 543570927855723693249657
seed: 1282861426
rounds: 5
deltas: [0, 1, 2, 16, 4294967297, 65544, 51, 3855]

[DATA SHAPES]
train_size: 52428
test_size: 13108
num_rows: 7
block_size: 64
trainable_parameters: 14081

[SUMMARY]
best_test_acc: 0.823085
best_test_adv: 0.323085
best_epoch: 15
best_epoch_train_acc: 0.825074
best_epoch_train_loss: 0.384364
best_epoch_test_loss: 0.394417
final_train_acc: 0.828298
final_test_acc: 0.820339
final_train_loss: 0.378248
final_test_loss: 0.394684
final_test_adv: 0.320339
max_overfit_gap_train_minus_test_acc: 0.012193
epoch_min_test_loss: 13
min_test_loss: 0.392121

[FINAL CONFUSION COUNTS]
TP: 5308
TN: 5445
FP: 1150
FN: 1205
precision: 0.821926
recall: 0.814985
specificity: 0.825625

[EPOCH-BY-EPOCH]
epoch	train_loss	train_acc	train_adv	test_loss	test_acc	test_adv	test_precision	test_recall	test_specificity
1	0.451175	0.792554	0.292554	0.414707	0.805005	0.305005	0.779489	0.847229	0.763306
2	0.404893	0.813859	0.313859	0.399154	0.818813	0.318813	0.854402	0.765853	0.871114
3	0.399174	0.817769	0.317769	0.404144	0.816524	0.316524	0.879808	0.730539	0.901440
4	0.396581	0.818189	0.318189	0.395356	0.819576	0.319576	0.843491	0.781975	0.856710
5	0.394699	0.819791	0.319791	0.396111	0.819271	0.319271	0.820445	0.814525	0.823958
6	0.393605	0.819905	0.319905	0.396234	0.821102	0.321102	0.860429	0.763857	0.877635
7	0.391490	0.820344	0.320344	0.398146	0.821559	0.321559	0.867042	0.756948	0.885368
8	0.390453	0.820382	0.320382	0.399003	0.816372	0.316372	0.805233	0.831568	0.801365
9	0.390149	0.821393	0.321393	0.397675	0.817592	0.317592	0.808164	0.829879	0.805459
10	0.388232	0.823281	0.323281	0.396575	0.818431	0.318431	0.814297	0.822048	0.814860
11	0.387339	0.825055	0.325055	0.402657	0.812862	0.312862	0.793098	0.843390	0.782714
12	0.385597	0.824178	0.324178	0.401075	0.818508	0.318508	0.879127	0.735913	0.900076
13	0.384984	0.824922	0.324922	0.392121	0.821788	0.321788	0.837781	0.795332	0.847915
14	0.384300	0.824712	0.324712	0.394167	0.821941	0.321941	0.856145	0.771227	0.872024
15	0.384364	0.825074	0.325074	0.394417	0.823085	0.323085	0.851021	0.780593	0.865049
16	0.382052	0.825971	0.325971	0.393874	0.821483	0.321483	0.832510	0.802088	0.840637
17	0.380901	0.826352	0.326352	0.400455	0.817821	0.317821	0.870221	0.744357	0.890371
18	0.380242	0.827173	0.327173	0.395477	0.821330	0.321330	0.863391	0.760786	0.881122
19	0.379367	0.827554	0.327554	0.393353	0.821712	0.321712	0.836992	0.796254	0.846854
20	0.378248	0.828298	0.328298	0.394684	0.820339	0.320339	0.821926	0.814985	0.825625
