=== TRAINING REPORT ===

[CONFIG]
data_path: ../Ciphers/Present-64/present64_R2_r9_s2589752290.npz
model: mlp
batch_size: 128
lr: 0.001
epochs: 20
train_split: 0.8
split_seed: 1234
device: cpu

[DATASET METADATA]
key: 1030558955197452467359756
seed: 2589752290
rounds: 9
deltas: [0, 1, 2, 16, 4294967297, 65544, 51, 3855]

[DATA SHAPES]
train_size: 52428
test_size: 13108
num_rows: 7
block_size: 64
trainable_parameters: 147969

[SUMMARY]
best_test_acc: 0.506637
best_test_adv: 0.006637
best_epoch: 2
best_epoch_train_acc: 0.500401
best_epoch_train_loss: 0.693337
best_epoch_test_loss: 0.693114
final_train_acc: 0.589857
final_test_acc: 0.500153
final_train_loss: 0.667135
final_test_loss: 0.716275
final_test_adv: 0.000153
max_overfit_gap_train_minus_test_acc: 0.089704
epoch_min_test_loss: 2
min_test_loss: 0.693114

[FINAL CONFUSION COUNTS]
TP: 3289
TN: 3267
FP: 3353
FN: 3199
precision: 0.495182
recall: 0.506936
specificity: 0.493505

[EPOCH-BY-EPOCH]
epoch	train_loss	train_acc	train_adv	test_loss	test_acc	test_adv	test_precision	test_recall	test_specificity
1	0.693842	0.498531	-0.001469	0.693401	0.494965	-0.005035	0.494965	1.000000	0.000000
2	0.693337	0.500401	0.000401	0.693114	0.506637	0.006637	0.504270	0.191122	0.815861
3	0.693095	0.508755	0.008755	0.693188	0.495499	-0.004501	0.486410	0.344790	0.643202
4	0.692438	0.516709	0.016709	0.693820	0.492829	-0.007171	0.491746	0.734587	0.255891
5	0.691542	0.525425	0.025425	0.695155	0.494660	-0.005340	0.491799	0.628545	0.363444
6	0.690718	0.528687	0.028687	0.697772	0.502289	0.002289	0.496042	0.347719	0.653776
7	0.689759	0.533494	0.033494	0.697603	0.502136	0.002136	0.496435	0.407830	0.594562
8	0.689037	0.532635	0.032635	0.700566	0.496109	-0.003891	0.492528	0.594328	0.399849
9	0.686936	0.539616	0.039616	0.699617	0.497406	-0.002594	0.492641	0.515875	0.479305
10	0.685183	0.546750	0.046750	0.699814	0.488862	-0.011138	0.486793	0.602189	0.377795
11	0.682924	0.556249	0.056249	0.701909	0.493897	-0.006103	0.488264	0.468095	0.519184
12	0.681680	0.558213	0.058213	0.706103	0.502212	0.002212	0.496715	0.431104	0.571903
13	0.679692	0.562390	0.062390	0.711783	0.495270	-0.004730	0.490047	0.485666	0.504683
14	0.678134	0.565576	0.065576	0.704467	0.492295	-0.007705	0.489715	0.612824	0.374169
15	0.676325	0.569162	0.069162	0.710797	0.496567	-0.003433	0.491610	0.501233	0.491994
16	0.674747	0.576028	0.076028	0.715298	0.497711	-0.002289	0.492519	0.487053	0.508157
17	0.672881	0.578889	0.078889	0.717960	0.500153	0.000153	0.494714	0.461621	0.537915
18	0.671674	0.580148	0.080148	0.714364	0.498322	-0.001678	0.493546	0.518650	0.478399
19	0.669593	0.584134	0.084134	0.726416	0.503052	0.003052	0.497544	0.405980	0.598187
20	0.667135	0.589857	0.089857	0.716275	0.500153	0.000153	0.495182	0.506936	0.493505
