=== TRAINING REPORT ===

[CONFIG]
data_path: ../Ciphers/Present-64/Database/present64_R1_r6_s864020793.npz
model: conv
batch_size: 128
lr: 0.001
epochs: 20
train_split: 0.8
split_seed: 1234
device: cpu

[DATASET METADATA]
key: 178989577612992825994652
seed: 864020793
rounds: 6
delta: 1

[DATA SHAPES]
train_size: 52428
test_size: 13108
num_rows: 1
block_size: 64
trainable_parameters: 12929

[SUMMARY]
best_test_acc: 0.528227
best_test_adv: 0.028227
best_epoch: 2
best_epoch_train_acc: 0.526722
best_epoch_train_loss: 0.691073
best_epoch_test_loss: 0.691348
final_train_acc: 0.528134
final_test_acc: 0.523955
final_train_loss: 0.690142
final_test_loss: 0.691156
final_test_adv: 0.023955
max_overfit_gap_train_minus_test_acc: 0.006372
epoch_min_test_loss: 11
min_test_loss: 0.691050

[FINAL CONFUSION COUNTS]
TP: 3733
TN: 3135
FP: 3433
FN: 2807
precision: 0.520932
recall: 0.570795
specificity: 0.477314

[EPOCH-BY-EPOCH]
epoch	train_loss	train_acc	train_adv	test_loss	test_acc	test_adv	test_precision	test_recall	test_specificity
1	0.691255	0.524224	0.024224	0.691475	0.519530	0.019530	0.515525	0.614373	0.425091
2	0.691073	0.526722	0.026722	0.691348	0.528227	0.028227	0.539398	0.372630	0.683161
3	0.690500	0.527790	0.027790	0.691101	0.524489	0.024489	0.527328	0.452905	0.595767
4	0.690652	0.526303	0.026303	0.691643	0.520217	0.020217	0.514985	0.659480	0.381547
5	0.690743	0.525731	0.025731	0.691302	0.522124	0.022124	0.517829	0.612844	0.431790
6	0.690554	0.525978	0.025978	0.691384	0.523192	0.023192	0.519468	0.591590	0.455085
7	0.690519	0.526284	0.026284	0.691166	0.522353	0.022353	0.520185	0.549694	0.495128
8	0.690455	0.527676	0.027676	0.691143	0.522658	0.022658	0.526238	0.433945	0.610993
9	0.690501	0.527028	0.027028	0.691244	0.525328	0.025328	0.529775	0.432569	0.617692
10	0.690412	0.525368	0.025368	0.692086	0.518996	0.018996	0.513378	0.689450	0.349269
11	0.690400	0.527428	0.027428	0.691050	0.524794	0.024794	0.526369	0.474618	0.574756
12	0.690406	0.526627	0.026627	0.691402	0.521742	0.021742	0.517419	0.615443	0.428441
13	0.690407	0.525883	0.025883	0.691565	0.522810	0.022810	0.518640	0.606269	0.439708
14	0.690306	0.527237	0.027237	0.691349	0.526701	0.026701	0.531378	0.435015	0.617996
15	0.690428	0.524128	0.024128	0.691263	0.524489	0.024489	0.533046	0.378593	0.669762
16	0.690269	0.527104	0.027104	0.691074	0.522887	0.022887	0.525301	0.453976	0.591504
17	0.690299	0.527581	0.027581	0.691186	0.523268	0.023268	0.529025	0.405505	0.640530
18	0.690243	0.525616	0.025616	0.691642	0.521666	0.021666	0.516564	0.643731	0.400122
19	0.690380	0.527543	0.027543	0.691250	0.522048	0.022048	0.528978	0.383792	0.659714
20	0.690142	0.528134	0.028134	0.691156	0.523955	0.023955	0.520932	0.570795	0.477314
