=== TRAINING REPORT ===

[CONFIG]
data_path: ../Ciphers/Present-64/present64_R2_r7_s323587303.npz
model: mlp
batch_size: 128
lr: 0.001
epochs: 20
train_split: 0.8
split_seed: 1234
device: cpu

[DATASET METADATA]
key: 469536997091937569716946
seed: 323587303
rounds: 7
deltas: [0, 1, 2, 16, 4294967297, 65544, 51, 3855]

[DATA SHAPES]
train_size: 52428
test_size: 13108
num_rows: 7
block_size: 64
trainable_parameters: 147969

[SUMMARY]
best_test_acc: 0.508850
best_test_adv: 0.008850
best_epoch: 8
best_epoch_train_acc: 0.537575
best_epoch_train_loss: 0.687872
best_epoch_test_loss: 0.695211
final_train_acc: 0.592603
final_test_acc: 0.501984
final_train_loss: 0.665077
final_test_loss: 0.724952
final_test_adv: 0.001984
max_overfit_gap_train_minus_test_acc: 0.090620
epoch_min_test_loss: 2
min_test_loss: 0.692933

[FINAL CONFUSION COUNTS]
TP: 2331
TN: 4249
FP: 2217
FN: 4311
precision: 0.512533
recall: 0.350949
specificity: 0.657130

[EPOCH-BY-EPOCH]
epoch	train_loss	train_acc	train_adv	test_loss	test_acc	test_adv	test_precision	test_recall	test_specificity
1	0.693621	0.500935	0.000935	0.693279	0.493439	-0.006561	0.625000	0.000753	0.999536
2	0.693149	0.507591	0.007591	0.692933	0.507934	0.007934	0.511525	0.641524	0.370708
3	0.692593	0.513600	0.013600	0.695067	0.496796	-0.003204	0.521062	0.085667	0.919115
4	0.691746	0.519894	0.019894	0.693369	0.497788	-0.002212	0.523101	0.100572	0.905815
5	0.690998	0.525998	0.025998	0.693686	0.506713	0.006713	0.509505	0.710178	0.297711
6	0.689693	0.530270	0.030270	0.693801	0.505798	0.005798	0.516085	0.396116	0.618466
7	0.688668	0.534524	0.034524	0.694825	0.505188	0.005188	0.508015	0.744354	0.259511
8	0.687872	0.537575	0.037575	0.695211	0.508850	0.008850	0.513546	0.582204	0.433498
9	0.686626	0.538396	0.038396	0.697958	0.507324	0.007324	0.514511	0.491117	0.523972
10	0.686275	0.538891	0.038891	0.694796	0.493973	-0.006027	0.505131	0.066697	0.932880
11	0.684458	0.541810	0.041810	0.698227	0.503891	0.003891	0.508900	0.598314	0.406898
12	0.682952	0.548238	0.048238	0.706146	0.501068	0.001068	0.508563	0.456037	0.547324
13	0.681244	0.552758	0.052758	0.707088	0.497406	-0.002594	0.505233	0.392502	0.605165
14	0.679358	0.557755	0.057755	0.703520	0.497788	-0.002212	0.506774	0.332279	0.667801
15	0.677736	0.563878	0.063878	0.708288	0.501602	0.001602	0.514086	0.299458	0.709248
16	0.675523	0.569200	0.069200	0.709563	0.498627	-0.001373	0.506382	0.418097	0.581349
17	0.672613	0.578164	0.078164	0.714148	0.502746	0.002746	0.513293	0.360434	0.648933
18	0.670255	0.582074	0.082074	0.709758	0.502289	0.002289	0.512956	0.351701	0.656975
19	0.668268	0.585946	0.085946	0.713263	0.500229	0.000229	0.512137	0.289070	0.717136
20	0.665077	0.592603	0.092603	0.724952	0.501984	0.001984	0.512533	0.350949	0.657130
