=== TRAINING REPORT ===

[CONFIG]
data_path: ../Ciphers/Present-64/Database/present64_R2_r5_s1282861426.npz
model: resnet
batch_size: 128
lr: 0.001
epochs: 20
train_split: 0.8
split_seed: 1234
device: cpu

[DATASET METADATA]
key: 543570927855723693249657
seed: 1282861426
rounds: 5
deltas: [0, 1, 2, 16, 4294967297, 65544, 51, 3855]

[DATA SHAPES]
train_size: 52428
test_size: 13108
num_rows: 7
block_size: 64
trainable_parameters: 125505

[SUMMARY]
best_test_acc: 0.830561
best_test_adv: 0.330561
best_epoch: 3
best_epoch_train_acc: 0.828088
best_epoch_train_loss: 0.378801
best_epoch_test_loss: 0.380136
final_train_acc: 0.970264
final_test_acc: 0.783415
final_train_loss: 0.076366
final_test_loss: 1.140644
final_test_adv: 0.283415
max_overfit_gap_train_minus_test_acc: 0.201744
epoch_min_test_loss: 3
min_test_loss: 0.380136

[FINAL CONFUSION COUNTS]
TP: 4227
TN: 6042
FP: 553
FN: 2286
precision: 0.884310
recall: 0.649010
specificity: 0.916149

[EPOCH-BY-EPOCH]
epoch	train_loss	train_acc	train_adv	test_loss	test_acc	test_adv	test_precision	test_recall	test_specificity
1	0.410292	0.809548	0.309548	0.402019	0.817058	0.317058	0.791803	0.857209	0.777407
2	0.388228	0.822519	0.322519	0.430381	0.800732	0.300732	0.758173	0.879472	0.722972
3	0.378801	0.828088	0.328088	0.380136	0.830561	0.330561	0.840851	0.812836	0.848067
4	0.370139	0.832971	0.332971	0.396633	0.815914	0.315914	0.788895	0.859512	0.772858
5	0.363235	0.836481	0.336481	0.382743	0.830180	0.330180	0.841812	0.810533	0.849583
6	0.355561	0.840372	0.340372	0.413204	0.806607	0.306607	0.766479	0.878397	0.735709
7	0.344601	0.846704	0.346704	0.385209	0.828425	0.328425	0.833855	0.817596	0.839121
8	0.333081	0.851835	0.351835	0.389724	0.828197	0.328197	0.835353	0.814832	0.841395
9	0.316211	0.860685	0.360685	0.396494	0.821407	0.321407	0.838307	0.793643	0.848825
10	0.298099	0.870451	0.370451	0.430782	0.820873	0.320873	0.860731	0.762936	0.878089
11	0.273948	0.883249	0.383249	0.448346	0.814998	0.314998	0.872449	0.735145	0.893859
12	0.250729	0.895590	0.395590	0.464224	0.813473	0.313473	0.856717	0.750038	0.876118
13	0.223813	0.907778	0.407778	0.526576	0.813015	0.313015	0.849089	0.758483	0.866869
14	0.194504	0.920062	0.420062	0.617491	0.787992	0.287992	0.866222	0.678029	0.896588
15	0.166055	0.933547	0.433547	0.809268	0.732682	0.232682	0.668044	0.918317	0.549356
16	0.142284	0.943465	0.443465	0.677370	0.790815	0.290815	0.852628	0.699985	0.880516
17	0.119384	0.953460	0.453460	0.713494	0.782194	0.282194	0.816546	0.724397	0.839272
18	0.097796	0.962730	0.462730	0.973929	0.760986	0.260986	0.707159	0.885767	0.637756
19	0.083502	0.967632	0.467632	1.084649	0.771361	0.271361	0.888079	0.617688	0.923124
20	0.076366	0.970264	0.470264	1.140644	0.783415	0.283415	0.884310	0.649010	0.916149
