=== TRAINING REPORT ===

[CONFIG]
data_path: ../Ciphers/Present-64/Database/present64_R2_r4_s854180978.npz
model: conv
batch_size: 128
lr: 0.001
epochs: 20
train_split: 0.8
split_seed: 1234
device: cpu

[DATASET METADATA]
key: 808730264479656975403284
seed: 854180978
rounds: 4
deltas: [0, 1, 2, 16, 4294967297, 65544, 51, 3855]

[DATA SHAPES]
train_size: 52428
test_size: 13108
num_rows: 7
block_size: 64
trainable_parameters: 14081

[SUMMARY]
best_test_acc: 0.996643
best_test_adv: 0.496643
best_epoch: 10
best_epoch_train_acc: 0.996109
best_epoch_train_loss: 0.010827
best_epoch_test_loss: 0.010558
final_train_acc: 0.997082
final_test_acc: 0.991913
final_train_loss: 0.007683
final_test_loss: 0.020443
final_test_adv: 0.491913
max_overfit_gap_train_minus_test_acc: 0.005168
epoch_min_test_loss: 15
min_test_loss: 0.010165

[FINAL CONFUSION COUNTS]
TP: 6574
TN: 6428
FP: 97
FN: 9
precision: 0.985459
recall: 0.998633
specificity: 0.985134

[EPOCH-BY-EPOCH]
epoch	train_loss	train_acc	train_adv	test_loss	test_acc	test_adv	test_precision	test_recall	test_specificity
1	0.109948	0.979706	0.479706	0.027695	0.994965	0.494965	0.996496	0.993468	0.996475
2	0.025205	0.993610	0.493610	0.017707	0.995194	0.495194	0.995140	0.995291	0.995096
3	0.019195	0.994087	0.494087	0.014191	0.995499	0.495499	0.996348	0.994683	0.996322
4	0.016297	0.994755	0.494755	0.012701	0.995880	0.495880	0.996351	0.995443	0.996322
5	0.014754	0.995251	0.495251	0.012212	0.995652	0.495652	0.995294	0.996050	0.995249
6	0.013057	0.995766	0.495766	0.011404	0.995957	0.495957	0.996956	0.994987	0.996935
7	0.012123	0.995842	0.495842	0.010789	0.996414	0.496414	0.996959	0.995899	0.996935
8	0.012280	0.995956	0.495956	0.011397	0.996338	0.496338	0.995902	0.996810	0.995862
9	0.011275	0.995804	0.495804	0.010561	0.996491	0.496491	0.997716	0.995291	0.997701
10	0.010827	0.996109	0.496109	0.010558	0.996643	0.496643	0.996809	0.996506	0.996782
11	0.009890	0.996490	0.496490	0.012315	0.995346	0.495346	0.993642	0.997114	0.993563
12	0.009618	0.996681	0.496681	0.011762	0.995346	0.495346	0.994241	0.996506	0.994176
13	0.009464	0.996700	0.496700	0.011733	0.995880	0.495880	0.994696	0.997114	0.994636
14	0.009381	0.996624	0.496624	0.011818	0.995728	0.495728	0.998320	0.993164	0.998314
15	0.009241	0.996700	0.496700	0.010165	0.996414	0.496414	0.997261	0.995595	0.997241
16	0.009137	0.996681	0.496681	0.010484	0.996414	0.496414	0.996506	0.996354	0.996475
17	0.008776	0.996853	0.496853	0.011341	0.996414	0.496414	0.998779	0.994076	0.998774
18	0.007870	0.997177	0.497177	0.011173	0.996186	0.496186	0.997866	0.994531	0.997854
19	0.008092	0.997101	0.497101	0.012168	0.996338	0.496338	0.997564	0.995139	0.997548
20	0.007683	0.997082	0.497082	0.020443	0.991913	0.491913	0.985459	0.998633	0.985134
