=== TRAINING REPORT ===

[CONFIG]
data_path: ../Ciphers/Present-64/Database/present64_R2_r6_s864020793.npz
model: conv
batch_size: 128
lr: 0.001
epochs: 20
train_split: 0.8
split_seed: 1234
device: cpu

[DATASET METADATA]
key: 178989577612992825994652
seed: 864020793
rounds: 6
deltas: [0, 1, 2, 16, 4294967297, 65544, 51, 3855]

[DATA SHAPES]
train_size: 52428
test_size: 13108
num_rows: 7
block_size: 64
trainable_parameters: 14081

[SUMMARY]
best_test_acc: 0.589487
best_test_adv: 0.089487
best_epoch: 3
best_epoch_train_acc: 0.593118
best_epoch_train_loss: 0.664911
best_epoch_test_loss: 0.668105
final_train_acc: 0.620928
final_test_acc: 0.579493
final_train_loss: 0.646888
final_test_loss: 0.674835
final_test_adv: 0.079493
max_overfit_gap_train_minus_test_acc: 0.041434
epoch_min_test_loss: 3
min_test_loss: 0.668105

[FINAL CONFUSION COUNTS]
TP: 3942
TN: 3654
FP: 2914
FN: 2598
precision: 0.574971
recall: 0.602752
specificity: 0.556334

[EPOCH-BY-EPOCH]
epoch	train_loss	train_acc	train_adv	test_loss	test_acc	test_adv	test_precision	test_recall	test_specificity
1	0.675214	0.574846	0.074846	0.672623	0.577891	0.077891	0.558201	0.738379	0.418088
2	0.666344	0.588731	0.088731	0.669330	0.585825	0.085825	0.587384	0.570948	0.600639
3	0.664911	0.593118	0.093118	0.668105	0.589487	0.089487	0.604396	0.512997	0.665652
4	0.663543	0.594873	0.094873	0.670047	0.589030	0.089030	0.619038	0.458410	0.719093
5	0.662291	0.596475	0.096475	0.673253	0.583842	0.083842	0.629321	0.403670	0.763246
6	0.661385	0.599908	0.099908	0.670517	0.588038	0.088038	0.617915	0.456728	0.718788
7	0.660478	0.600843	0.100843	0.668223	0.588648	0.088648	0.599377	0.529358	0.647686
8	0.659151	0.604143	0.104143	0.673146	0.576060	0.076060	0.566249	0.642355	0.510049
9	0.658665	0.602369	0.102369	0.669274	0.587351	0.087351	0.591668	0.558104	0.616474
10	0.657797	0.603552	0.103552	0.670615	0.581935	0.081935	0.594880	0.508104	0.655451
11	0.656950	0.606165	0.106165	0.677332	0.583613	0.083613	0.634711	0.389755	0.776644
12	0.656195	0.608091	0.108091	0.671556	0.581172	0.081172	0.572856	0.631193	0.531364
13	0.654563	0.611028	0.111028	0.671456	0.584834	0.084834	0.594136	0.529817	0.639616
14	0.654090	0.610971	0.110971	0.672748	0.573390	0.073390	0.562188	0.655199	0.491931
15	0.652915	0.612650	0.112650	0.672032	0.587733	0.087733	0.613193	0.470489	0.704476
16	0.651479	0.613470	0.113470	0.671942	0.586207	0.086207	0.591596	0.551070	0.621194
17	0.650971	0.615568	0.115568	0.673464	0.577357	0.077357	0.566472	0.651529	0.503502
18	0.649570	0.617266	0.117266	0.672196	0.580561	0.080561	0.581892	0.566055	0.595006
19	0.648689	0.618181	0.118181	0.672689	0.583918	0.083918	0.585863	0.566514	0.601248
20	0.646888	0.620928	0.120928	0.674835	0.579493	0.079493	0.574971	0.602752	0.556334
