=== TRAINING REPORT ===

[CONFIG]
data_path: ../Ciphers/Present-64/present64_R1_r4_s854180978.npz
model: mlp
batch_size: 128
lr: 0.001
epochs: 20
train_split: 0.8
split_seed: 1234
device: cpu

[DATASET METADATA]
key: 808730264479656975403284
seed: 854180978
rounds: 4
delta: 1

[DATA SHAPES]
train_size: 52428
test_size: 13108
num_rows: 1
block_size: 64
trainable_parameters: 49665

[SUMMARY]
best_test_acc: 0.967119
best_test_adv: 0.467119
best_epoch: 8
best_epoch_train_acc: 0.979076
best_epoch_train_loss: 0.054261
best_epoch_test_loss: 0.091421
final_train_acc: 0.997253
final_test_acc: 0.966738
final_train_loss: 0.007858
final_test_loss: 0.142049
final_test_adv: 0.466738
max_overfit_gap_train_minus_test_acc: 0.032937
epoch_min_test_loss: 8
min_test_loss: 0.091421

[FINAL CONFUSION COUNTS]
TP: 6337
TN: 6335
FP: 190
FN: 246
precision: 0.970890
recall: 0.962631
specificity: 0.970881

[EPOCH-BY-EPOCH]
epoch	train_loss	train_acc	train_adv	test_loss	test_acc	test_adv	test_precision	test_recall	test_specificity
1	0.260440	0.888151	0.388151	0.184794	0.922109	0.422109	0.913347	0.933465	0.910651
2	0.151974	0.937819	0.437819	0.147697	0.937977	0.437977	0.947564	0.927844	0.948199
3	0.117940	0.951362	0.451362	0.131903	0.947208	0.447208	0.927442	0.970834	0.923372
4	0.097314	0.960689	0.460689	0.121551	0.952777	0.452777	0.931299	0.978125	0.927203
5	0.083250	0.966812	0.466812	0.118101	0.953311	0.453311	0.980370	0.925566	0.981303
6	0.070661	0.971714	0.471714	0.098639	0.962237	0.462237	0.956509	0.968859	0.955556
7	0.061958	0.975662	0.475662	0.095745	0.962237	0.462237	0.971207	0.953061	0.971494
8	0.054261	0.979076	0.479076	0.091421	0.967119	0.467119	0.961585	0.973416	0.960766
9	0.046411	0.982185	0.482185	0.101879	0.963610	0.463610	0.977628	0.949263	0.978084
10	0.041392	0.983635	0.483635	0.106871	0.963763	0.463763	0.973929	0.953365	0.974253
11	0.032709	0.987259	0.487259	0.130827	0.962771	0.462771	0.939818	0.989215	0.936092
12	0.032845	0.986648	0.486648	0.115366	0.961321	0.461321	0.977974	0.944250	0.978544
13	0.023994	0.991016	0.491016	0.107593	0.966433	0.466433	0.970296	0.962631	0.970268
14	0.019466	0.993038	0.493038	0.142950	0.960101	0.460101	0.974475	0.945314	0.975019
15	0.017368	0.993439	0.493439	0.128988	0.966814	0.466814	0.960042	0.974480	0.959080
16	0.015810	0.994507	0.494507	0.137195	0.966128	0.466128	0.963461	0.969315	0.962912
17	0.014394	0.994717	0.494717	0.161879	0.962313	0.462313	0.975926	0.948352	0.976398
18	0.012646	0.995346	0.495346	0.140302	0.965594	0.465594	0.969813	0.961416	0.969808
19	0.012714	0.995193	0.495193	0.141631	0.965670	0.465670	0.964973	0.966732	0.964598
20	0.007858	0.997253	0.497253	0.142049	0.966738	0.466738	0.970890	0.962631	0.970881
