=== TRAINING REPORT ===

[CONFIG]
data_path: ../Ciphers/Present-64/present64_R1_r6_s864020793.npz
model: mlp
batch_size: 128
lr: 0.001
epochs: 20
train_split: 0.8
split_seed: 1234
device: cpu

[DATASET METADATA]
key: 178989577612992825994652
seed: 864020793
rounds: 6
delta: 1

[DATA SHAPES]
train_size: 52428
test_size: 13108
num_rows: 1
block_size: 64
trainable_parameters: 49665

[SUMMARY]
best_test_acc: 0.535703
best_test_adv: 0.035703
best_epoch: 4
best_epoch_train_acc: 0.556153
best_epoch_train_loss: 0.681495
best_epoch_test_loss: 0.690537
final_train_acc: 0.782597
final_test_acc: 0.521208
final_train_loss: 0.448144
final_test_loss: 0.975295
final_test_adv: 0.021208
max_overfit_gap_train_minus_test_acc: 0.261389
epoch_min_test_loss: 3
min_test_loss: 0.689548

[FINAL CONFUSION COUNTS]
TP: 3177
TN: 3655
FP: 2913
FN: 3363
precision: 0.521675
recall: 0.485780
specificity: 0.556486

[EPOCH-BY-EPOCH]
epoch	train_loss	train_acc	train_adv	test_loss	test_acc	test_adv	test_precision	test_recall	test_specificity
1	0.692917	0.510224	0.010224	0.691519	0.520674	0.020674	0.556733	0.192813	0.847138
2	0.689957	0.530079	0.030079	0.689820	0.531355	0.031355	0.536985	0.440673	0.621650
3	0.686543	0.543355	0.043355	0.689548	0.531202	0.031202	0.560713	0.278899	0.782430
4	0.681495	0.556153	0.056153	0.690537	0.535703	0.035703	0.559958	0.324159	0.746346
5	0.676186	0.568399	0.068399	0.690166	0.534559	0.034559	0.540209	0.450917	0.617844
6	0.668345	0.583104	0.083104	0.694987	0.534254	0.034254	0.532860	0.539297	0.529233
7	0.659453	0.594759	0.094759	0.699020	0.535551	0.035551	0.553102	0.359939	0.710414
8	0.649185	0.611734	0.111734	0.710579	0.528456	0.028456	0.536775	0.400612	0.655755
9	0.637784	0.624266	0.124266	0.721068	0.535551	0.035551	0.536808	0.503976	0.566991
10	0.624360	0.641699	0.141699	0.727052	0.522276	0.022276	0.530074	0.374618	0.669306
11	0.611131	0.652800	0.152800	0.734002	0.524718	0.024718	0.526807	0.465749	0.583435
12	0.594966	0.668975	0.168975	0.754111	0.527540	0.027540	0.528902	0.485474	0.569428
13	0.577901	0.685588	0.185588	0.775941	0.525023	0.025023	0.526601	0.475229	0.574604
14	0.560318	0.700694	0.200694	0.817577	0.524031	0.024031	0.524971	0.483792	0.564099
15	0.541731	0.714561	0.214561	0.834225	0.524260	0.024260	0.522499	0.539755	0.508831
16	0.522861	0.729801	0.229801	0.855869	0.522048	0.022048	0.520843	0.525382	0.518727
17	0.503835	0.744240	0.244240	0.884017	0.521742	0.021742	0.521894	0.493884	0.549482
18	0.484230	0.756294	0.256294	0.911072	0.520751	0.020751	0.522880	0.450765	0.590438
19	0.466817	0.769875	0.269875	0.918033	0.519988	0.019988	0.523169	0.428135	0.611449
20	0.448144	0.782597	0.282597	0.975295	0.521208	0.021208	0.521675	0.485780	0.556486
