=== TRAINING REPORT ===

[CONFIG]
data_path: ../Ciphers/Present-64/Database/present64_R1_r5_s1282861426.npz
model: conv
batch_size: 128
lr: 0.001
epochs: 20
train_split: 0.8
split_seed: 1234
device: cpu

[DATASET METADATA]
key: 543570927855723693249657
seed: 1282861426
rounds: 5
delta: 1

[DATA SHAPES]
train_size: 52428
test_size: 13108
num_rows: 1
block_size: 64
trainable_parameters: 12929

[SUMMARY]
best_test_acc: 0.603830
best_test_adv: 0.103830
best_epoch: 13
best_epoch_train_acc: 0.604410
best_epoch_train_loss: 0.654142
best_epoch_test_loss: 0.655696
final_train_acc: 0.603895
final_test_acc: 0.600015
final_train_loss: 0.653529
final_test_loss: 0.654712
final_test_adv: 0.100015
max_overfit_gap_train_minus_test_acc: 0.012004
epoch_min_test_loss: 18
min_test_loss: 0.654647

[FINAL CONFUSION COUNTS]
TP: 3710
TN: 4155
FP: 2440
FN: 2803
precision: 0.603252
recall: 0.569630
specificity: 0.630023

[EPOCH-BY-EPOCH]
epoch	train_loss	train_acc	train_adv	test_loss	test_acc	test_adv	test_precision	test_recall	test_specificity
1	0.657919	0.599165	0.099165	0.660258	0.591929	0.091929	0.577641	0.664824	0.519939
2	0.656108	0.599851	0.099851	0.656888	0.596887	0.096887	0.598683	0.572394	0.621077
3	0.655320	0.600347	0.100347	0.657419	0.600473	0.100473	0.623787	0.493628	0.705989
4	0.655080	0.603456	0.103456	0.656514	0.599100	0.099100	0.596325	0.597881	0.600303
5	0.654673	0.602388	0.102388	0.655894	0.600092	0.100092	0.609475	0.543221	0.656255
6	0.654399	0.601911	0.101911	0.656160	0.597955	0.097955	0.596732	0.588669	0.607127
7	0.654667	0.602464	0.102464	0.655442	0.599863	0.099863	0.599717	0.585444	0.614102
8	0.654504	0.602121	0.102121	0.655397	0.600168	0.100168	0.608979	0.545678	0.653980
9	0.654226	0.602712	0.102712	0.660931	0.590708	0.090708	0.570603	0.712268	0.470660
10	0.654002	0.602178	0.102178	0.655878	0.601236	0.101236	0.612570	0.537233	0.664443
11	0.654139	0.603094	0.103094	0.658847	0.592386	0.092386	0.575503	0.684631	0.501289
12	0.653780	0.603342	0.103342	0.657251	0.599939	0.099939	0.594772	0.611393	0.588628
13	0.654142	0.604410	0.104410	0.655696	0.603830	0.103830	0.617438	0.532781	0.673995
14	0.653669	0.603857	0.103857	0.655477	0.602457	0.102457	0.619013	0.519883	0.684003
15	0.653721	0.603590	0.103590	0.655260	0.600931	0.100931	0.595558	0.613389	0.588628
16	0.653418	0.603704	0.103704	0.654863	0.599252	0.099252	0.605563	0.554890	0.643063
17	0.653728	0.602903	0.102903	0.654985	0.600015	0.100015	0.597542	0.597267	0.602729
18	0.653534	0.604582	0.104582	0.654647	0.599863	0.099863	0.604967	0.561032	0.638211
19	0.653435	0.603132	0.103132	0.656505	0.597574	0.097574	0.586236	0.646092	0.549659
20	0.653529	0.603895	0.103895	0.654712	0.600015	0.100015	0.603252	0.569630	0.630023
