=== TRAINING REPORT ===

[CONFIG]
data_path: ../Ciphers/Present-64/Database/present64_R1_r5_s1282861426.npz
model: resnet
batch_size: 128
lr: 0.001
epochs: 20
train_split: 0.8
split_seed: 1234
device: cpu

[DATASET METADATA]
key: 543570927855723693249657
seed: 1282861426
rounds: 5
delta: 1

[DATA SHAPES]
train_size: 52428
test_size: 13108
num_rows: 1
block_size: 64
trainable_parameters: 125121

[SUMMARY]
best_test_acc: 0.640296
best_test_adv: 0.140296
best_epoch: 11
best_epoch_train_acc: 0.642939
best_epoch_train_loss: 0.622579
best_epoch_test_loss: 0.628440
final_train_acc: 0.653449
final_test_acc: 0.630378
final_train_loss: 0.611467
final_test_loss: 0.635328
final_test_adv: 0.130378
max_overfit_gap_train_minus_test_acc: 0.027132
epoch_min_test_loss: 13
min_test_loss: 0.627535

[FINAL CONFUSION COUNTS]
TP: 4099
TN: 4164
FP: 2431
FN: 2414
precision: 0.627718
recall: 0.629357
specificity: 0.631387

[EPOCH-BY-EPOCH]
epoch	train_loss	train_acc	train_adv	test_loss	test_acc	test_adv	test_precision	test_recall	test_specificity
1	0.658499	0.598230	0.098230	0.655997	0.607492	0.107492	0.633022	0.499770	0.713874
2	0.655049	0.602598	0.102598	0.654089	0.603372	0.103372	0.596025	0.626132	0.580895
3	0.652832	0.605726	0.105726	0.656035	0.610314	0.110314	0.640416	0.491939	0.727218
4	0.651665	0.608225	0.108225	0.649369	0.611153	0.111153	0.624473	0.545371	0.676118
5	0.649205	0.611887	0.111887	0.655010	0.608331	0.108331	0.701431	0.368647	0.845034
6	0.641663	0.620756	0.120756	0.681906	0.620766	0.120766	0.741088	0.363888	0.874450
7	0.630496	0.632639	0.132639	0.640933	0.624123	0.124123	0.603905	0.707662	0.541622
8	0.626476	0.638571	0.138571	0.628639	0.637244	0.137244	0.637645	0.625211	0.649128
9	0.624892	0.640459	0.140459	0.627628	0.635719	0.135719	0.636378	0.622601	0.648673
10	0.623865	0.642119	0.142119	0.629264	0.634574	0.134574	0.626153	0.656533	0.612889
11	0.622579	0.642939	0.142939	0.628440	0.640296	0.140296	0.653256	0.588362	0.691585
12	0.621565	0.643683	0.143683	0.631298	0.639152	0.139152	0.674223	0.529710	0.747233
13	0.620782	0.645743	0.145743	0.627535	0.638923	0.138923	0.645568	0.606019	0.671418
14	0.619243	0.647498	0.147498	0.636799	0.638847	0.138847	0.706812	0.466759	0.808795
15	0.618335	0.647745	0.147745	0.637685	0.620613	0.120613	0.601076	0.703055	0.539196
16	0.617488	0.649519	0.149519	0.633191	0.630607	0.130607	0.621316	0.656994	0.604549
17	0.616627	0.649615	0.149615	0.632750	0.637016	0.137016	0.664603	0.543989	0.728886
18	0.614448	0.652800	0.152800	0.634615	0.627632	0.127632	0.619089	0.651313	0.604246
19	0.613355	0.652934	0.152934	0.632207	0.635490	0.135490	0.643697	0.596653	0.673844
20	0.611467	0.653449	0.153449	0.635328	0.630378	0.130378	0.627718	0.629357	0.631387
