=== TRAINING REPORT ===

[CONFIG]
data_path: ../Ciphers/Present-64/Database/present64_R2_r4_s854180978.npz
model: resnet
batch_size: 128
lr: 0.001
epochs: 20
train_split: 0.8
split_seed: 1234
device: cpu

[DATASET METADATA]
key: 808730264479656975403284
seed: 854180978
rounds: 4
deltas: [0, 1, 2, 16, 4294967297, 65544, 51, 3855]

[DATA SHAPES]
train_size: 52428
test_size: 13108
num_rows: 7
block_size: 64
trainable_parameters: 125505

[SUMMARY]
best_test_acc: 0.996872
best_test_adv: 0.496872
best_epoch: 10
best_epoch_train_acc: 0.997978
best_epoch_train_loss: 0.005562
best_epoch_test_loss: 0.010714
final_train_acc: 0.999180
final_test_acc: 0.988862
final_train_loss: 0.002399
final_test_loss: 0.035471
final_test_adv: 0.488862
max_overfit_gap_train_minus_test_acc: 0.010318
epoch_min_test_loss: 6
min_test_loss: 0.010636

[FINAL CONFUSION COUNTS]
TP: 6576
TN: 6386
FP: 139
FN: 7
precision: 0.979300
recall: 0.998937
specificity: 0.978697

[EPOCH-BY-EPOCH]
epoch	train_loss	train_acc	train_adv	test_loss	test_acc	test_adv	test_precision	test_recall	test_specificity
1	0.029505	0.989624	0.489624	0.011856	0.996338	0.496338	0.997109	0.995595	0.997088
2	0.014478	0.995346	0.495346	0.010945	0.996109	0.496109	0.997714	0.994531	0.997701
3	0.013184	0.995384	0.495384	0.017289	0.994126	0.494126	0.999539	0.988759	0.999540
4	0.010732	0.996452	0.496452	0.013011	0.995423	0.495423	0.992451	0.998481	0.992337
5	0.011050	0.996033	0.496033	0.019023	0.993592	0.493592	0.999846	0.987392	0.999847
6	0.008621	0.996891	0.496891	0.010636	0.996414	0.496414	0.996506	0.996354	0.996475
7	0.007798	0.997234	0.497234	0.013114	0.996109	0.496109	0.997866	0.994379	0.997854
8	0.007443	0.997177	0.497177	0.014080	0.994812	0.494812	0.993187	0.996506	0.993103
9	0.005965	0.997826	0.497826	0.015122	0.995270	0.495270	0.998319	0.992253	0.998314
10	0.005562	0.997978	0.497978	0.010714	0.996872	0.496872	0.997869	0.995899	0.997854
11	0.004331	0.998531	0.498531	0.017301	0.995957	0.495957	0.998473	0.993468	0.998467
12	0.003839	0.998684	0.498684	0.019541	0.994583	0.494583	0.998927	0.990278	0.998927
13	0.004502	0.998093	0.498093	0.013879	0.995575	0.495575	0.997560	0.993620	0.997548
14	0.003491	0.998569	0.498569	0.012850	0.996262	0.496262	0.996656	0.995899	0.996628
15	0.003567	0.998779	0.498779	0.022146	0.994507	0.494507	0.999386	0.989670	0.999387
16	0.002781	0.999084	0.499084	0.018638	0.995041	0.495041	0.998623	0.991493	0.998621
17	0.002759	0.999046	0.499046	0.017733	0.993973	0.493973	0.991684	0.996354	0.991571
18	0.003078	0.998836	0.498836	0.017650	0.995728	0.495728	0.997257	0.994228	0.997241
19	0.002318	0.999218	0.499218	0.014420	0.996033	0.496033	0.996352	0.995747	0.996322
20	0.002399	0.999180	0.499180	0.035471	0.988862	0.488862	0.979300	0.998937	0.978697
