=== TRAINING REPORT ===

[CONFIG]
data_path: ../Ciphers/Present-64/present64_R1_r5_s1282861426.npz
model: mlp
batch_size: 128
lr: 0.001
epochs: 20
train_split: 0.8
split_seed: 1234
device: cpu

[DATASET METADATA]
key: 543570927855723693249657
seed: 1282861426
rounds: 5
delta: 1

[DATA SHAPES]
train_size: 52428
test_size: 13108
num_rows: 1
block_size: 64
trainable_parameters: 49665

[SUMMARY]
best_test_acc: 0.735734
best_test_adv: 0.235734
best_epoch: 9
best_epoch_train_acc: 0.781338
best_epoch_train_loss: 0.456559
best_epoch_test_loss: 0.543476
final_train_acc: 0.860666
final_test_acc: 0.709338
final_train_loss: 0.311195
final_test_loss: 0.725369
final_test_adv: 0.209338
max_overfit_gap_train_minus_test_acc: 0.151328
epoch_min_test_loss: 5
min_test_loss: 0.535281

[FINAL CONFUSION COUNTS]
TP: 4523
TN: 4775
FP: 1820
FN: 1990
precision: 0.713070
recall: 0.694457
specificity: 0.724033

[EPOCH-BY-EPOCH]
epoch	train_loss	train_acc	train_adv	test_loss	test_acc	test_adv	test_precision	test_recall	test_specificity
1	0.641942	0.622396	0.122396	0.613824	0.656393	0.156393	0.687302	0.565945	0.745716
2	0.596581	0.671530	0.171530	0.589589	0.684239	0.184239	0.696458	0.646092	0.721911
3	0.559834	0.708476	0.208476	0.560503	0.709338	0.209338	0.775648	0.583909	0.833207
4	0.529679	0.732948	0.232948	0.549227	0.720400	0.220400	0.786059	0.600798	0.838514
5	0.510873	0.746948	0.246948	0.535281	0.729707	0.229707	0.758891	0.668356	0.790296
6	0.496220	0.755303	0.255303	0.545406	0.728258	0.228258	0.729936	0.719177	0.737225
7	0.482479	0.764897	0.264897	0.553519	0.730928	0.230928	0.721974	0.745586	0.716452
8	0.469016	0.773022	0.273022	0.546515	0.730012	0.230012	0.737692	0.708583	0.751175
9	0.456559	0.781338	0.281338	0.543476	0.735734	0.235734	0.766568	0.673115	0.797574
10	0.441478	0.788949	0.288949	0.557408	0.730165	0.230165	0.755582	0.675418	0.784230
11	0.427641	0.797780	0.297780	0.568570	0.722917	0.222917	0.757370	0.650852	0.794086
12	0.414260	0.804189	0.304189	0.586434	0.726427	0.226427	0.729785	0.713650	0.739045
13	0.398450	0.813821	0.313821	0.596447	0.723299	0.223299	0.758324	0.650392	0.795299
14	0.384717	0.820687	0.320687	0.617900	0.718645	0.218645	0.730161	0.688009	0.748901
15	0.373056	0.828489	0.328489	0.626923	0.717958	0.217958	0.732958	0.680178	0.755269
16	0.360456	0.835470	0.335470	0.661941	0.716051	0.216051	0.707078	0.731614	0.700682
17	0.346381	0.843500	0.343500	0.674115	0.713686	0.213686	0.735656	0.661446	0.765277
18	0.335199	0.849851	0.349851	0.689124	0.709872	0.209872	0.726513	0.667281	0.751933
19	0.322053	0.854887	0.354887	0.704325	0.716509	0.216509	0.731655	0.678182	0.754359
20	0.311195	0.860666	0.360666	0.725369	0.709338	0.209338	0.713070	0.694457	0.724033
