=== TRAINING REPORT ===

[CONFIG]
data_path: ../Ciphers/Present-64/present64_R2_r5_s1282861426.npz
model: mlp
batch_size: 128
lr: 0.001
epochs: 20
train_split: 0.8
split_seed: 1234
device: cpu

[DATASET METADATA]
key: 543570927855723693249657
seed: 1282861426
rounds: 5
deltas: [0, 1, 2, 16, 4294967297, 65544, 51, 3855]

[DATA SHAPES]
train_size: 52428
test_size: 13108
num_rows: 7
block_size: 64
trainable_parameters: 147969

[SUMMARY]
best_test_acc: 0.786466
best_test_adv: 0.286466
best_epoch: 7
best_epoch_train_acc: 0.877985
best_epoch_train_loss: 0.290438
best_epoch_test_loss: 0.491613
final_train_acc: 0.973201
final_test_acc: 0.773573
final_train_loss: 0.075964
final_test_loss: 1.012100
final_test_adv: 0.273573
max_overfit_gap_train_minus_test_acc: 0.199628
epoch_min_test_loss: 5
min_test_loss: 0.466187

[FINAL CONFUSION COUNTS]
TP: 5023
TN: 5117
FP: 1478
FN: 1490
precision: 0.772650
recall: 0.771227
specificity: 0.775891

[EPOCH-BY-EPOCH]
epoch	train_loss	train_acc	train_adv	test_loss	test_acc	test_adv	test_precision	test_recall	test_specificity
1	0.583841	0.684939	0.184939	0.557438	0.706744	0.206744	0.844743	0.502073	0.908870
2	0.525001	0.737297	0.237297	0.500330	0.755951	0.255951	0.842073	0.626286	0.884003
3	0.458288	0.783284	0.283284	0.471022	0.770674	0.270674	0.810959	0.702134	0.838362
4	0.401372	0.817922	0.317922	0.494495	0.767089	0.267089	0.739546	0.820052	0.714784
5	0.359351	0.840867	0.340867	0.466187	0.785780	0.285780	0.804938	0.750806	0.820318
6	0.324525	0.860075	0.360075	0.526441	0.766784	0.266784	0.733135	0.834331	0.700076
7	0.290438	0.877985	0.377985	0.491613	0.786466	0.286466	0.864118	0.676647	0.894920
8	0.261769	0.892424	0.392424	0.558826	0.773650	0.273650	0.742081	0.834485	0.713571
9	0.235743	0.904440	0.404440	0.543231	0.785856	0.285856	0.779487	0.793490	0.778317
10	0.211272	0.915885	0.415885	0.549792	0.785703	0.285703	0.834055	0.709965	0.860500
11	0.187627	0.925975	0.425975	0.632223	0.781050	0.281050	0.773048	0.791801	0.770432
12	0.167679	0.935016	0.435016	0.630691	0.786161	0.286161	0.814087	0.738216	0.833510
13	0.151063	0.940833	0.440833	0.682752	0.780287	0.280287	0.795414	0.750960	0.809249
14	0.133854	0.948844	0.448844	0.739425	0.780058	0.280058	0.839506	0.689083	0.869901
15	0.126154	0.952716	0.452716	0.766672	0.769759	0.269759	0.760161	0.783971	0.755724
16	0.112821	0.958610	0.458610	0.850982	0.779448	0.279448	0.794855	0.749578	0.808946
17	0.098076	0.964370	0.464370	0.854494	0.773573	0.273573	0.785289	0.749117	0.797726
18	0.084490	0.970150	0.470150	1.023436	0.770674	0.270674	0.752266	0.802856	0.738893
19	0.090511	0.966545	0.466545	0.797214	0.776320	0.276320	0.827391	0.694764	0.856861
20	0.075964	0.973201	0.473201	1.012100	0.773573	0.273573	0.772650	0.771227	0.775891
