=== TRAINING REPORT ===

[CONFIG]
data_path: ../Ciphers/Present-64/present64_R1_r8_s959904829.npz
model: mlp
batch_size: 128
lr: 0.001
epochs: 20
train_split: 0.8
split_seed: 1234
device: cpu

[DATASET METADATA]
key: 328174899993350639424869
seed: 959904829
rounds: 8
delta: 1

[DATA SHAPES]
train_size: 52428
test_size: 13108
num_rows: 1
block_size: 64
trainable_parameters: 49665

[SUMMARY]
best_test_acc: 0.509155
best_test_adv: 0.009155
best_epoch: 19
best_epoch_train_acc: 0.780766
best_epoch_train_loss: 0.458839
best_epoch_test_loss: 0.945216
final_train_acc: 0.795148
final_test_acc: 0.505111
final_train_loss: 0.438996
final_test_loss: 0.976717
final_test_adv: 0.005111
max_overfit_gap_train_minus_test_acc: 0.290036
epoch_min_test_loss: 2
min_test_loss: 0.693450

[FINAL CONFUSION COUNTS]
TP: 3102
TN: 3519
FP: 3054
FN: 3433
precision: 0.503899
recall: 0.474675
specificity: 0.535372

[EPOCH-BY-EPOCH]
epoch	train_loss	train_acc	train_adv	test_loss	test_acc	test_adv	test_precision	test_recall	test_specificity
1	0.693722	0.497368	-0.002632	0.693571	0.502441	0.002441	0.518732	0.027544	0.974593
2	0.693014	0.508068	0.008068	0.693450	0.500610	0.000610	0.498462	0.272839	0.727065
3	0.692405	0.513657	0.013657	0.694250	0.502136	0.002136	0.514469	0.024484	0.977027
4	0.691259	0.524243	0.024243	0.694097	0.503433	0.003433	0.501608	0.620505	0.387038
5	0.688236	0.538434	0.038434	0.698343	0.500305	0.000305	0.498936	0.538179	0.462650
6	0.682512	0.556535	0.056535	0.702767	0.499390	-0.000610	0.496638	0.305126	0.692530
7	0.674223	0.576333	0.076333	0.708964	0.500763	0.000763	0.499473	0.652487	0.349916
8	0.664192	0.593538	0.093538	0.713990	0.500687	0.000687	0.499251	0.509717	0.491709
9	0.652610	0.610895	0.110895	0.724091	0.504043	0.004043	0.502901	0.450956	0.556823
10	0.638232	0.628786	0.128786	0.732082	0.502441	0.002441	0.500941	0.529610	0.475430
11	0.621787	0.645895	0.145895	0.758751	0.497177	-0.002823	0.496159	0.553481	0.441199
12	0.603525	0.668040	0.168040	0.775349	0.504654	0.004654	0.503098	0.521806	0.487601
13	0.584051	0.685550	0.185550	0.787593	0.504272	0.004272	0.503063	0.464881	0.543435
14	0.562289	0.706016	0.206016	0.803186	0.502899	0.002899	0.501424	0.512012	0.493838
15	0.541868	0.721714	0.221714	0.834084	0.502823	0.002823	0.501662	0.415761	0.589381
16	0.520268	0.737774	0.237774	0.850541	0.502746	0.002746	0.501371	0.475746	0.529591
17	0.499921	0.751831	0.251831	0.873507	0.505417	0.005417	0.503963	0.505891	0.504944
18	0.478632	0.768959	0.268959	0.921979	0.506637	0.006637	0.505346	0.491813	0.521375
19	0.458839	0.780766	0.280766	0.945216	0.509155	0.009155	0.507744	0.506656	0.511639
20	0.438996	0.795148	0.295148	0.976717	0.505111	0.005111	0.503899	0.474675	0.535372
