=== TRAINING REPORT ===

[CONFIG]
data_path: ../Ciphers/Present-64/present64_R2_r8_s959904829.npz
model: mlp
batch_size: 128
lr: 0.001
epochs: 20
train_split: 0.8
split_seed: 1234
device: cpu

[DATASET METADATA]
key: 328174899993350639424869
seed: 959904829
rounds: 8
deltas: [0, 1, 2, 16, 4294967297, 65544, 51, 3855]

[DATA SHAPES]
train_size: 52428
test_size: 13108
num_rows: 7
block_size: 64
trainable_parameters: 147969

[SUMMARY]
best_test_acc: 0.501907
best_test_adv: 0.001907
best_epoch: 9
best_epoch_train_acc: 0.537633
best_epoch_train_loss: 0.687497
best_epoch_test_loss: 0.700243
final_train_acc: 0.574617
final_test_acc: 0.495041
final_train_loss: 0.664604
final_test_loss: 0.723248
final_test_adv: -0.004959
max_overfit_gap_train_minus_test_acc: 0.079575
epoch_min_test_loss: 2
min_test_loss: 0.693190

[FINAL CONFUSION COUNTS]
TP: 3760
TN: 2729
FP: 3844
FN: 2775
precision: 0.494477
recall: 0.575363
specificity: 0.415183

[EPOCH-BY-EPOCH]
epoch	train_loss	train_acc	train_adv	test_loss	test_acc	test_adv	test_precision	test_recall	test_specificity
1	0.693825	0.500229	0.000229	0.693532	0.498551	-0.001449	0.498551	1.000000	0.000000
2	0.693242	0.505264	0.005264	0.693190	0.500915	0.000915	0.499642	0.748432	0.254830
3	0.692976	0.510376	0.010376	0.693416	0.497025	-0.002975	0.497646	0.938179	0.058421
4	0.692186	0.516728	0.016728	0.696287	0.498627	-0.001373	0.497915	0.676052	0.322227
5	0.691258	0.524624	0.024624	0.696009	0.501068	0.001068	0.499732	0.712165	0.291191
6	0.690092	0.533036	0.033036	0.695382	0.499771	-0.000229	0.497547	0.341393	0.657234
7	0.689560	0.531434	0.031434	0.695593	0.499847	-0.000153	0.498532	0.545830	0.454131
8	0.688220	0.536698	0.036698	0.695845	0.501678	0.001678	0.500260	0.441469	0.561540
9	0.687497	0.537633	0.037633	0.700243	0.501907	0.001907	0.500527	0.435654	0.567777
10	0.685993	0.541867	0.041867	0.695342	0.497559	-0.002441	0.494893	0.378118	0.616309
11	0.684799	0.543584	0.043584	0.703266	0.499924	-0.000076	0.497857	0.355471	0.643542
12	0.684077	0.545186	0.045186	0.697738	0.496338	-0.003662	0.494880	0.495486	0.497185
13	0.681463	0.552338	0.052338	0.710620	0.497788	-0.002212	0.496004	0.455853	0.539480
14	0.679286	0.555219	0.055219	0.700353	0.497940	-0.002060	0.496587	0.512012	0.483949
15	0.676949	0.561055	0.061055	0.701674	0.493287	-0.006713	0.492904	0.568630	0.418378
16	0.674636	0.562600	0.062600	0.705806	0.496948	-0.003052	0.495954	0.553328	0.440895
17	0.671744	0.567178	0.067178	0.713202	0.495499	-0.004501	0.490630	0.312471	0.677468
18	0.669408	0.568494	0.068494	0.713577	0.493134	-0.006866	0.493595	0.642693	0.344439
19	0.666947	0.574502	0.074502	0.717386	0.496948	-0.003052	0.495309	0.476664	0.517115
20	0.664604	0.574617	0.074617	0.723248	0.495041	-0.004959	0.494477	0.575363	0.415183
