=== TRAINING REPORT ===

[CONFIG]
data_path: ../Ciphers/Present-64/Database/present64_R2_r6_s864020793.npz
model: resnet
batch_size: 128
lr: 0.001
epochs: 20
train_split: 0.8
split_seed: 1234
device: cpu

[DATASET METADATA]
key: 178989577612992825994652
seed: 864020793
rounds: 6
deltas: [0, 1, 2, 16, 4294967297, 65544, 51, 3855]

[DATA SHAPES]
train_size: 52428
test_size: 13108
num_rows: 7
block_size: 64
trainable_parameters: 125505

[SUMMARY]
best_test_acc: 0.582545
best_test_adv: 0.082545
best_epoch: 4
best_epoch_train_acc: 0.602350
best_epoch_train_loss: 0.658596
best_epoch_test_loss: 0.674411
final_train_acc: 0.899767
final_test_acc: 0.533796
final_train_loss: 0.241537
final_test_loss: 1.535212
final_test_adv: 0.033796
max_overfit_gap_train_minus_test_acc: 0.365971
epoch_min_test_loss: 2
min_test_loss: 0.673336

[FINAL CONFUSION COUNTS]
TP: 4440
TN: 2557
FP: 4011
FN: 2100
precision: 0.525382
recall: 0.678899
specificity: 0.389312

[EPOCH-BY-EPOCH]
epoch	train_loss	train_acc	train_adv	test_loss	test_acc	test_adv	test_precision	test_recall	test_specificity
1	0.673679	0.579767	0.079767	0.675770	0.570568	0.070568	0.551791	0.742049	0.399817
2	0.666051	0.591020	0.091020	0.673336	0.575679	0.075679	0.558760	0.711009	0.440926
3	0.661177	0.597677	0.097677	0.679761	0.569957	0.069957	0.552239	0.729817	0.410780
4	0.658596	0.602350	0.102350	0.674411	0.582545	0.082545	0.620487	0.420489	0.743910
5	0.654896	0.608530	0.108530	0.713022	0.537839	0.037839	0.711404	0.124006	0.949909
6	0.651105	0.615167	0.115167	0.707345	0.553555	0.053555	0.534366	0.817890	0.290347
7	0.643921	0.626459	0.126459	0.701139	0.573314	0.073314	0.556069	0.718043	0.429202
8	0.634266	0.636873	0.136873	0.696859	0.560574	0.060574	0.546165	0.705505	0.416261
9	0.621068	0.653792	0.153792	0.696984	0.562176	0.062176	0.560307	0.568960	0.555420
10	0.603676	0.671416	0.171416	0.714969	0.555310	0.055310	0.543159	0.684098	0.427071
11	0.580749	0.692779	0.192779	0.841448	0.536085	0.036085	0.521395	0.855199	0.218331
12	0.552472	0.717060	0.217060	0.844469	0.546994	0.046994	0.599144	0.278135	0.814708
13	0.520085	0.741588	0.241588	0.837365	0.528227	0.028227	0.519582	0.722171	0.335110
14	0.479779	0.769226	0.269226	0.935505	0.548367	0.048367	0.534475	0.734862	0.362667
15	0.442707	0.794041	0.294041	1.021539	0.539670	0.039670	0.566265	0.330581	0.747868
16	0.396066	0.821412	0.321412	1.133502	0.536009	0.036009	0.566764	0.297248	0.773752
17	0.357169	0.841573	0.341573	1.081361	0.527769	0.027769	0.527327	0.516361	0.539129
18	0.315663	0.861887	0.361887	1.307346	0.533491	0.033491	0.552224	0.343578	0.722594
19	0.278259	0.882181	0.382181	1.385516	0.542417	0.042417	0.556957	0.405199	0.679050
20	0.241537	0.899767	0.399767	1.535212	0.533796	0.033796	0.525382	0.678899	0.389312
