=== TRAINING REPORT ===

[CONFIG]
data_path: ../Ciphers/Present-64/Database/present64_R2_r5_s1282861426.npz
model: logreg
batch_size: 128
lr: 0.001
epochs: 20
train_split: 0.8
split_seed: 1234
device: cpu

[DATASET METADATA]
key: 543570927855723693249657
seed: 1282861426
rounds: 5
deltas: [0, 1, 2, 16, 4294967297, 65544, 51, 3855]

[DATA SHAPES]
train_size: 52428
test_size: 13108
num_rows: 7
block_size: 64
trainable_parameters: 449

[SUMMARY]
best_test_acc: 0.721086
best_test_adv: 0.221086
best_epoch: 19
best_epoch_train_acc: 0.717575
best_epoch_train_loss: 0.553942
best_epoch_test_loss: 0.550092
final_train_acc: 0.719005
final_test_acc: 0.715594
final_train_loss: 0.553257
final_test_loss: 0.549479
final_test_adv: 0.215594
max_overfit_gap_train_minus_test_acc: 0.003412
epoch_min_test_loss: 20
min_test_loss: 0.549479

[FINAL CONFUSION COUNTS]
TP: 4688
TN: 4692
FP: 1903
FN: 1825
precision: 0.711273
recall: 0.719791
specificity: 0.711448

[EPOCH-BY-EPOCH]
epoch	train_loss	train_acc	train_adv	test_loss	test_acc	test_adv	test_precision	test_recall	test_specificity
1	0.634332	0.646773	0.146773	0.586955	0.705447	0.205447	0.731656	0.643022	0.767096
2	0.579722	0.703861	0.203861	0.567419	0.706286	0.206286	0.703500	0.706740	0.705838
3	0.569668	0.707523	0.207523	0.561810	0.709643	0.209643	0.724349	0.670966	0.747839
4	0.565894	0.709258	0.209258	0.561040	0.707049	0.207049	0.703704	0.708890	0.705231
5	0.564278	0.709602	0.209602	0.559811	0.712923	0.212923	0.734722	0.660832	0.764367
6	0.563132	0.711833	0.211833	0.559369	0.712542	0.212542	0.737416	0.654537	0.769826
7	0.563286	0.711280	0.211280	0.557792	0.709872	0.209872	0.713992	0.694150	0.725398
8	0.562319	0.711929	0.211929	0.557069	0.711855	0.211855	0.720859	0.685552	0.737832
9	0.560564	0.713607	0.213607	0.557102	0.715136	0.215136	0.740356	0.657147	0.772403
10	0.560107	0.713302	0.213302	0.556767	0.710558	0.210558	0.706580	0.713957	0.707202
11	0.559224	0.714427	0.214427	0.554896	0.714373	0.214373	0.724283	0.686473	0.741926
12	0.559050	0.714675	0.214675	0.554779	0.717806	0.217806	0.745037	0.656840	0.778014
13	0.557907	0.715324	0.215324	0.553370	0.716204	0.216204	0.733802	0.672962	0.758908
14	0.557831	0.715934	0.215934	0.553022	0.714144	0.214144	0.714618	0.707047	0.721152
15	0.556316	0.716545	0.216545	0.551904	0.717424	0.217424	0.735457	0.673576	0.760728
16	0.555954	0.716640	0.216640	0.551271	0.718416	0.218416	0.735953	0.675725	0.760576
17	0.555460	0.717308	0.217308	0.550482	0.719484	0.219484	0.736255	0.678489	0.759970
18	0.554427	0.718280	0.218280	0.550786	0.715746	0.215746	0.712391	0.717642	0.713874
19	0.553942	0.717575	0.217575	0.550092	0.721086	0.221086	0.748219	0.661139	0.780288
20	0.553257	0.719005	0.219005	0.549479	0.715594	0.215594	0.711273	0.719791	0.711448
