=== TRAINING REPORT ===

[CONFIG]
data_path: ../Ciphers/Present-64/Database/present64_R1_r5_s1282861426.npz
model: logreg
batch_size: 128
lr: 0.001
epochs: 20
train_split: 0.8
split_seed: 1234
device: cpu

[DATASET METADATA]
key: 543570927855723693249657
seed: 1282861426
rounds: 5
delta: 1

[DATA SHAPES]
train_size: 52428
test_size: 13108
num_rows: 1
block_size: 64
trainable_parameters: 65

[SUMMARY]
best_test_acc: 0.629463
best_test_adv: 0.129463
best_epoch: 20
best_epoch_train_acc: 0.623941
best_epoch_train_loss: 0.645835
best_epoch_test_loss: 0.642980
final_train_acc: 0.623941
final_test_acc: 0.629463
final_train_loss: 0.645835
final_test_loss: 0.642980
final_test_adv: 0.129463
max_overfit_gap_train_minus_test_acc: -0.003824
epoch_min_test_loss: 20
min_test_loss: 0.642980

[FINAL CONFUSION COUNTS]
TP: 3702
TN: 4549
FP: 2046
FN: 2811
precision: 0.644050
recall: 0.568402
specificity: 0.689765

[EPOCH-BY-EPOCH]
epoch	train_loss	train_acc	train_adv	test_loss	test_acc	test_adv	test_precision	test_recall	test_specificity
1	0.684518	0.551442	0.051442	0.670951	0.591013	0.091013	0.611585	0.484723	0.695982
2	0.669642	0.593690	0.093690	0.664029	0.604440	0.104440	0.599910	0.612160	0.596816
3	0.665133	0.599851	0.099851	0.660111	0.608407	0.108407	0.627730	0.520651	0.695072
4	0.662587	0.603552	0.103552	0.657886	0.611688	0.111688	0.626399	0.541379	0.681122
5	0.660686	0.605821	0.105821	0.656094	0.613824	0.113824	0.620335	0.574236	0.652919
6	0.659030	0.608339	0.108339	0.654659	0.612984	0.112984	0.627750	0.543221	0.681880
7	0.657581	0.609598	0.109598	0.654706	0.617104	0.117104	0.657462	0.478888	0.753601
8	0.656187	0.611639	0.111639	0.651962	0.617180	0.117180	0.623248	0.580378	0.653525
9	0.654880	0.614176	0.114176	0.650865	0.618401	0.118401	0.628903	0.565945	0.670205
10	0.653582	0.614576	0.114576	0.650281	0.619850	0.119850	0.614727	0.629357	0.610462
11	0.652535	0.616255	0.116255	0.648984	0.622749	0.122749	0.622271	0.612621	0.632752
12	0.651538	0.618276	0.118276	0.647937	0.622826	0.122826	0.623758	0.607094	0.638362
13	0.650556	0.618811	0.118811	0.647108	0.623894	0.123894	0.637676	0.562874	0.684155
14	0.649705	0.619821	0.119821	0.646300	0.625954	0.125954	0.628800	0.603409	0.648218
15	0.648908	0.621138	0.121138	0.645689	0.624962	0.124962	0.624319	0.615692	0.634117
16	0.648199	0.621118	0.121118	0.644988	0.627556	0.127556	0.630126	0.606326	0.648522
17	0.647527	0.622435	0.122435	0.645055	0.627785	0.127785	0.652825	0.535851	0.718575
18	0.646927	0.623598	0.123598	0.644069	0.629234	0.129234	0.626357	0.629050	0.629416
19	0.646361	0.623350	0.123350	0.643339	0.628013	0.128013	0.633328	0.596960	0.658681
20	0.645835	0.623941	0.123941	0.642980	0.629463	0.129463	0.644050	0.568402	0.689765
