=== TRAINING REPORT ===

[CONFIG]
data_path: ../Ciphers/Rectangle-64/Database/rect64_R1_r5_s930578756.npz
model: logreg
batch_size: 128
lr: 0.001
epochs: 20
train_split: 0.8
split_seed: 1234
device: cpu

[DATASET METADATA]
key: 924828901025689211643617
seed: 930578756
rounds: 5
delta: 1

[DATA SHAPES]
train_size: 52428
test_size: 13108
num_rows: 1
block_size: 64
trainable_parameters: 65

[SUMMARY]
best_test_acc: 0.719332
best_test_adv: 0.219332
best_epoch: 20
best_epoch_train_acc: 0.727283
best_epoch_train_loss: 0.543141
best_epoch_test_loss: 0.554006
final_train_acc: 0.727283
final_test_acc: 0.719332
final_train_loss: 0.543141
final_test_loss: 0.554006
final_test_adv: 0.219332
max_overfit_gap_train_minus_test_acc: 0.014034
epoch_min_test_loss: 20
min_test_loss: 0.554006

[FINAL CONFUSION COUNTS]
TP: 4411
TN: 5018
FP: 1556
FN: 2123
precision: 0.739232
recall: 0.675084
specificity: 0.763310

[EPOCH-BY-EPOCH]
epoch	train_loss	train_acc	train_adv	test_loss	test_acc	test_adv	test_precision	test_recall	test_specificity
1	0.629441	0.662718	0.162718	0.597441	0.698276	0.198276	0.729408	0.627487	0.768634
2	0.580024	0.708419	0.208419	0.581374	0.705142	0.205142	0.736992	0.635139	0.774719
3	0.569422	0.710632	0.210632	0.577420	0.696597	0.196597	0.703356	0.676768	0.716307
4	0.565269	0.711872	0.211872	0.574446	0.708804	0.208804	0.742114	0.637282	0.779890
5	0.562571	0.713779	0.213779	0.571860	0.706286	0.206286	0.722924	0.666054	0.746273
6	0.560353	0.715209	0.215209	0.569924	0.709033	0.209033	0.729420	0.661769	0.756009
7	0.558381	0.715438	0.215438	0.568229	0.708117	0.208117	0.723138	0.671564	0.744448
8	0.556555	0.717384	0.217384	0.566457	0.710787	0.210787	0.729540	0.667126	0.754183
9	0.554939	0.718070	0.218070	0.565240	0.712161	0.212161	0.739462	0.652433	0.771524
10	0.553236	0.720130	0.220130	0.563489	0.711550	0.211550	0.727558	0.673554	0.749315
11	0.551755	0.721332	0.221332	0.562222	0.711398	0.211398	0.725825	0.676615	0.745969
12	0.550558	0.722744	0.222744	0.560828	0.712695	0.212695	0.729139	0.674013	0.751141
13	0.549367	0.723259	0.223259	0.560029	0.712847	0.212847	0.722383	0.688552	0.736994
14	0.548296	0.723507	0.223507	0.558816	0.714449	0.214449	0.727762	0.682430	0.746273
15	0.547183	0.724556	0.224556	0.558093	0.716738	0.216738	0.742980	0.660086	0.773045
16	0.546210	0.725299	0.225299	0.556912	0.716356	0.216356	0.735137	0.673707	0.758747
17	0.545387	0.726921	0.226921	0.556566	0.714068	0.214068	0.719716	0.698347	0.729693
18	0.544622	0.726406	0.226406	0.555300	0.717653	0.217653	0.733246	0.681512	0.753575
19	0.543820	0.727131	0.227131	0.554822	0.716585	0.216585	0.726644	0.691613	0.741406
20	0.543141	0.727283	0.227283	0.554006	0.719332	0.219332	0.739232	0.675084	0.763310
