=== TRAINING REPORT ===

[CONFIG]
data_path: ../Ciphers/Rectangle-64/Database/rect64_R2_r5_s930578756.npz
model: logreg
batch_size: 128
lr: 0.001
epochs: 20
train_split: 0.8
split_seed: 1234
device: cpu

[DATASET METADATA]
key: 924828901025689211643617
seed: 930578756
rounds: 5
deltas: [0, 1, 2, 16, 4294967297, 65544, 51, 3855]

[DATA SHAPES]
train_size: 52428
test_size: 13108
num_rows: 7
block_size: 64
trainable_parameters: 449

[SUMMARY]
best_test_acc: 0.921117
best_test_adv: 0.421117
best_epoch: 14
best_epoch_train_acc: 0.922732
best_epoch_train_loss: 0.199153
best_epoch_test_loss: 0.211171
final_train_acc: 0.923438
final_test_acc: 0.921041
final_train_loss: 0.198182
final_test_loss: 0.210495
final_test_adv: 0.421041
max_overfit_gap_train_minus_test_acc: 0.003961
epoch_min_test_loss: 20
min_test_loss: 0.210495

[FINAL CONFUSION COUNTS]
TP: 5902
TN: 6171
FP: 403
FN: 632
precision: 0.936082
recall: 0.903275
specificity: 0.938698

[EPOCH-BY-EPOCH]
epoch	train_loss	train_acc	train_adv	test_loss	test_acc	test_adv	test_precision	test_recall	test_specificity
1	0.386245	0.876535	0.376535	0.278150	0.913564	0.413564	0.947029	0.875574	0.951323
2	0.248047	0.916285	0.416285	0.235929	0.917455	0.417455	0.948650	0.882155	0.952540
3	0.221827	0.919528	0.419528	0.221947	0.919744	0.419744	0.945401	0.890419	0.948890
4	0.211730	0.920443	0.420443	0.216124	0.919973	0.419973	0.938730	0.898072	0.941740
5	0.206237	0.921778	0.421778	0.213629	0.920049	0.420049	0.934569	0.902816	0.937177
6	0.203959	0.921740	0.421740	0.212406	0.920049	0.420049	0.934294	0.903122	0.936873
7	0.202575	0.922103	0.422103	0.211902	0.920507	0.420507	0.936427	0.901745	0.939154
8	0.201407	0.922065	0.422065	0.213496	0.920735	0.420735	0.946966	0.890878	0.950411
9	0.200921	0.921950	0.421950	0.213287	0.917989	0.417989	0.920246	0.914754	0.921205
10	0.200691	0.921969	0.421969	0.212008	0.919515	0.419515	0.939093	0.896694	0.942197
11	0.199966	0.923018	0.423018	0.211444	0.920507	0.420507	0.934082	0.904346	0.936568
12	0.199764	0.923228	0.423228	0.211521	0.920583	0.420583	0.931094	0.907867	0.933222
13	0.199656	0.922560	0.422560	0.212132	0.919896	0.419896	0.940411	0.896082	0.943566
14	0.199153	0.922732	0.422732	0.211171	0.921117	0.421117	0.934989	0.904653	0.937481
15	0.199308	0.922427	0.422427	0.211138	0.920125	0.420125	0.935545	0.901898	0.938242
16	0.198858	0.922789	0.422789	0.211387	0.919591	0.419591	0.937560	0.898531	0.940523
17	0.198708	0.922770	0.422770	0.211036	0.921041	0.421041	0.931565	0.908326	0.933678
18	0.198435	0.922751	0.422751	0.210864	0.920964	0.420964	0.935934	0.903275	0.938546
19	0.198528	0.922732	0.422732	0.210707	0.920812	0.420812	0.936329	0.902510	0.939002
20	0.198182	0.923438	0.423438	0.210495	0.921041	0.421041	0.936082	0.903275	0.938698
