=== TRAINING REPORT ===

[CONFIG]
data_path: ../Ciphers/Gift-64/Database/gift64_R2_r5_s1106099994.npz
model: logreg
batch_size: 128
lr: 0.001
epochs: 20
train_split: 0.8
split_seed: 1234
device: cpu

[DATASET METADATA]
key: 74081035696864537650651937298042696891
seed: 1106099994
rounds: 5
deltas: [0, 1, 2, 16, 4294967297, 65544, 51, 3855]
use_differences: 1
include_base_row: 0

[DATA SHAPES]
train_size: 52428
test_size: 13108
num_rows: 7
block_size: 64
trainable_parameters: 449

[SUMMARY]
best_test_acc: 0.750534
best_test_adv: 0.250534
best_epoch: 18
best_epoch_train_acc: 0.754101
best_epoch_train_loss: 0.505795
best_epoch_test_loss: 0.510774
final_train_acc: 0.755684
final_test_acc: 0.745041
final_train_loss: 0.504469
final_test_loss: 0.512042
final_test_adv: 0.245041
max_overfit_gap_train_minus_test_acc: 0.011215
epoch_min_test_loss: 18
min_test_loss: 0.510774

[FINAL CONFUSION COUNTS]
TP: 4885
TN: 4881
FP: 1724
FN: 1618
precision: 0.739144
recall: 0.751192
specificity: 0.738986

[EPOCH-BY-EPOCH]
epoch	train_loss	train_acc	train_adv	test_loss	test_acc	test_adv	test_precision	test_recall	test_specificity
1	0.596411	0.694266	0.194266	0.543111	0.732682	0.232682	0.722908	0.747809	0.717790
2	0.526871	0.745995	0.245995	0.527692	0.748093	0.248093	0.823268	0.626788	0.867525
3	0.516421	0.748493	0.248493	0.518367	0.742600	0.242600	0.743048	0.735507	0.749584
4	0.513219	0.749332	0.249332	0.517035	0.747101	0.247101	0.775683	0.689682	0.803634
5	0.511690	0.750649	0.250649	0.516845	0.742218	0.242218	0.744368	0.731662	0.752612
6	0.511849	0.749676	0.249676	0.515943	0.745346	0.245346	0.764942	0.702599	0.787434
7	0.510703	0.750591	0.250591	0.515623	0.745117	0.245117	0.757492	0.715208	0.774565
8	0.510285	0.750687	0.250687	0.520373	0.740235	0.240235	0.724623	0.768415	0.712491
9	0.509543	0.751717	0.251717	0.517378	0.741150	0.241150	0.732576	0.753191	0.729296
10	0.509109	0.751888	0.251888	0.514723	0.744278	0.244278	0.749485	0.727818	0.760484
11	0.508825	0.751736	0.251736	0.515732	0.742371	0.242371	0.738553	0.744118	0.740651
12	0.508194	0.753815	0.253815	0.513811	0.749771	0.249771	0.777033	0.695064	0.803634
13	0.507926	0.753262	0.253262	0.512965	0.746567	0.246567	0.759335	0.716131	0.776533
14	0.507543	0.753281	0.253281	0.516752	0.742066	0.242066	0.729222	0.763648	0.720818
15	0.506628	0.753262	0.253262	0.512058	0.748627	0.248627	0.761153	0.718899	0.777896
16	0.506839	0.753071	0.253071	0.513116	0.744126	0.244126	0.741599	0.743195	0.745042
17	0.505829	0.752918	0.252918	0.517054	0.741990	0.241990	0.724565	0.774258	0.710220
18	0.505795	0.754101	0.254101	0.510774	0.750534	0.250534	0.768210	0.711979	0.788494
19	0.505048	0.754101	0.254101	0.512113	0.745041	0.245041	0.740380	0.748578	0.741559
20	0.504469	0.755684	0.255684	0.512042	0.745041	0.245041	0.739144	0.751192	0.738986
