=== TRAINING REPORT ===

[CONFIG]
data_path: ../Ciphers/Gift-64/Database/gift64_R1_r5_s1106099994.npz
model: logreg
batch_size: 128
lr: 0.001
epochs: 20
train_split: 0.8
split_seed: 1234
device: cpu

[DATASET METADATA]
key: 74081035696864537650651937298042696891
seed: 1106099994
rounds: 5
delta: 1

[DATA SHAPES]
train_size: 52428
test_size: 13108
num_rows: 1
block_size: 64
trainable_parameters: 65

[SUMMARY]
best_test_acc: 0.661962
best_test_adv: 0.161962
best_epoch: 19
best_epoch_train_acc: 0.658579
best_epoch_train_loss: 0.612315
best_epoch_test_loss: 0.611576
final_train_acc: 0.659934
final_test_acc: 0.654333
final_train_loss: 0.611781
final_test_loss: 0.612813
final_test_adv: 0.154333
max_overfit_gap_train_minus_test_acc: 0.005600
epoch_min_test_loss: 19
min_test_loss: 0.611576

[FINAL CONFUSION COUNTS]
TP: 4381
TN: 4196
FP: 2409
FN: 2122
precision: 0.645214
recall: 0.673689
specificity: 0.635276

[EPOCH-BY-EPOCH]
epoch	train_loss	train_acc	train_adv	test_loss	test_acc	test_adv	test_precision	test_recall	test_specificity
1	0.665602	0.597543	0.097543	0.643527	0.639228	0.139228	0.658449	0.566815	0.710522
2	0.638517	0.638991	0.138991	0.632341	0.647009	0.147009	0.665490	0.580040	0.712945
3	0.631441	0.644160	0.144160	0.628675	0.645865	0.145865	0.657418	0.597570	0.693414
4	0.628252	0.645895	0.145895	0.626632	0.644950	0.144950	0.651483	0.611410	0.677971
5	0.626148	0.647669	0.147669	0.624831	0.646781	0.146781	0.652005	0.617715	0.675397
6	0.624344	0.649882	0.149882	0.623336	0.648688	0.148688	0.652818	0.623405	0.673581
7	0.622780	0.650855	0.150855	0.621617	0.651587	0.151587	0.659315	0.616023	0.686601
8	0.621377	0.652476	0.152476	0.620633	0.652121	0.152121	0.652584	0.638936	0.665102
9	0.620069	0.654040	0.154040	0.619241	0.656698	0.156698	0.679191	0.583731	0.728539
10	0.618845	0.655909	0.155909	0.617867	0.657080	0.157080	0.670748	0.606489	0.706889
11	0.617976	0.656252	0.156252	0.617320	0.657309	0.157309	0.658172	0.643395	0.671007
12	0.616890	0.656958	0.156958	0.616042	0.659521	0.159521	0.674897	0.605259	0.712945
13	0.616046	0.657397	0.157397	0.615986	0.655172	0.155172	0.652750	0.651545	0.658743
14	0.615282	0.657244	0.157244	0.614516	0.660436	0.160436	0.668473	0.626019	0.694322
15	0.614529	0.659285	0.159285	0.613708	0.660436	0.160436	0.670772	0.619714	0.700530
16	0.613919	0.658675	0.158675	0.613244	0.661276	0.161276	0.667642	0.631708	0.690386
17	0.613348	0.659323	0.159323	0.612552	0.661810	0.161810	0.668293	0.632016	0.691143
18	0.612694	0.658770	0.158770	0.611961	0.661199	0.161199	0.671149	0.621713	0.700076
19	0.612315	0.658579	0.158579	0.611576	0.661962	0.161962	0.676551	0.610487	0.712642
20	0.611781	0.659934	0.159934	0.612813	0.654333	0.154333	0.645214	0.673689	0.635276
