=== TRAINING REPORT ===

[CONFIG]
data_path: ../Ciphers/Rectangle-64/Database/rect64_R1_r5_s930578756.npz
model: conv
batch_size: 128
lr: 0.001
epochs: 20
train_split: 0.8
split_seed: 1234
device: cpu

[DATASET METADATA]
key: 924828901025689211643617
seed: 930578756
rounds: 5
delta: 1

[DATA SHAPES]
train_size: 52428
test_size: 13108
num_rows: 1
block_size: 64
trainable_parameters: 12929

[SUMMARY]
best_test_acc: 0.688282
best_test_adv: 0.188282
best_epoch: 7
best_epoch_train_acc: 0.681678
best_epoch_train_loss: 0.593164
best_epoch_test_loss: 0.598454
final_train_acc: 0.685607
final_test_acc: 0.680958
final_train_loss: 0.590036
final_test_loss: 0.594527
final_test_adv: 0.180958
max_overfit_gap_train_minus_test_acc: 0.018037
epoch_min_test_loss: 12
min_test_loss: 0.593662

[FINAL CONFUSION COUNTS]
TP: 4425
TN: 4501
FP: 2073
FN: 2109
precision: 0.680979
recall: 0.677227
specificity: 0.684667

[EPOCH-BY-EPOCH]
epoch	train_loss	train_acc	train_adv	test_loss	test_acc	test_adv	test_precision	test_recall	test_specificity
1	0.604703	0.670863	0.170863	0.602607	0.679509	0.179509	0.707747	0.608203	0.750380
2	0.598350	0.675631	0.175631	0.600253	0.674397	0.174397	0.680990	0.652433	0.696228
3	0.596413	0.678683	0.178683	0.603625	0.663030	0.163030	0.647198	0.712274	0.614086
4	0.595192	0.680457	0.180457	0.597733	0.680272	0.180272	0.693925	0.641567	0.718740
5	0.594216	0.681067	0.181067	0.599295	0.683094	0.183094	0.713645	0.608356	0.757378
6	0.593613	0.682460	0.182460	0.596274	0.684391	0.184391	0.705258	0.630242	0.738211
7	0.593164	0.681678	0.181678	0.598454	0.688282	0.188282	0.730769	0.593205	0.782781
8	0.593308	0.681544	0.181544	0.597451	0.681416	0.181416	0.691583	0.651362	0.711287
9	0.592335	0.683337	0.183337	0.594664	0.685612	0.185612	0.704526	0.636058	0.734865
10	0.592026	0.682345	0.182345	0.595730	0.683857	0.183857	0.691814	0.659627	0.707940
11	0.591981	0.683967	0.183967	0.594205	0.680958	0.180958	0.690168	0.653199	0.708549
12	0.591461	0.683051	0.183051	0.593662	0.685688	0.185688	0.705482	0.634221	0.736842
13	0.591336	0.684977	0.184977	0.593883	0.682255	0.182255	0.687926	0.663606	0.700791
14	0.591138	0.684005	0.184005	0.593890	0.685154	0.185154	0.707536	0.627946	0.742014
15	0.590440	0.685016	0.185016	0.595867	0.685002	0.185002	0.717019	0.608050	0.761485
16	0.590116	0.685473	0.185473	0.597693	0.672109	0.172109	0.661467	0.700949	0.643444
17	0.590635	0.684577	0.184577	0.594387	0.687977	0.187977	0.717360	0.617233	0.758290
18	0.590314	0.685035	0.185035	0.597270	0.666997	0.166997	0.651319	0.714417	0.619866
19	0.589639	0.685321	0.185321	0.593845	0.681645	0.181645	0.679653	0.683502	0.679799
20	0.590036	0.685607	0.185607	0.594527	0.680958	0.180958	0.680979	0.677227	0.684667
