=== TRAINING REPORT ===

[CONFIG]
data_path: ../Ciphers/Rectangle-64/Database/rect64_R2_r6_s1521644627.npz
model: conv
batch_size: 128
lr: 0.001
epochs: 20
train_split: 0.8
split_seed: 1234
device: cpu

[DATASET METADATA]
key: 691981368643606297984270
seed: 1521644627
rounds: 6
deltas: [0, 1, 2, 16, 4294967297, 65544, 51, 3855]

[DATA SHAPES]
train_size: 52428
test_size: 13108
num_rows: 7
block_size: 64
trainable_parameters: 14081

[SUMMARY]
best_test_acc: 0.667608
best_test_adv: 0.167608
best_epoch: 6
best_epoch_train_acc: 0.667544
best_epoch_train_loss: 0.603926
best_epoch_test_loss: 0.611322
final_train_acc: 0.682631
final_test_acc: 0.660513
final_train_loss: 0.588237
final_test_loss: 0.614553
final_test_adv: 0.160513
max_overfit_gap_train_minus_test_acc: 0.027306
epoch_min_test_loss: 10
min_test_loss: 0.610347

[FINAL CONFUSION COUNTS]
TP: 3831
TN: 4827
FP: 1715
FN: 2735
precision: 0.690768
recall: 0.583460
specificity: 0.737848

[EPOCH-BY-EPOCH]
epoch	train_loss	train_acc	train_adv	test_loss	test_acc	test_adv	test_precision	test_recall	test_specificity
1	0.622135	0.648737	0.148737	0.615509	0.657843	0.157843	0.662604	0.645751	0.669979
2	0.612954	0.656043	0.156043	0.614490	0.660894	0.160894	0.683319	0.602041	0.719963
3	0.610389	0.659266	0.159266	0.621590	0.658453	0.158453	0.730625	0.503960	0.813513
4	0.607977	0.662985	0.162985	0.613091	0.661428	0.161428	0.681446	0.608590	0.714460
5	0.605793	0.665503	0.165503	0.611445	0.663793	0.163793	0.678224	0.625647	0.702079
6	0.603926	0.667544	0.167544	0.611322	0.667608	0.167608	0.693466	0.602955	0.732498
7	0.602494	0.668421	0.168421	0.614848	0.663869	0.163869	0.705401	0.564880	0.763222
8	0.601326	0.669928	0.169928	0.612165	0.664556	0.164556	0.687338	0.606001	0.723326
9	0.599986	0.671168	0.171168	0.614227	0.663793	0.163793	0.702723	0.569906	0.758025
10	0.598880	0.671607	0.171607	0.610347	0.666616	0.166616	0.676357	0.641334	0.691990
11	0.597724	0.672522	0.172522	0.610980	0.663183	0.163183	0.679819	0.619251	0.707276
12	0.596518	0.674067	0.174067	0.611412	0.665929	0.165929	0.682707	0.622297	0.709722
13	0.595432	0.675345	0.175345	0.612357	0.665471	0.165471	0.689949	0.603259	0.727912
14	0.594083	0.676738	0.176738	0.612331	0.663793	0.163793	0.690691	0.595492	0.732345
15	0.593121	0.677520	0.177520	0.613033	0.661352	0.161352	0.665990	0.649863	0.672883
16	0.592262	0.679046	0.179046	0.612743	0.663259	0.163259	0.691937	0.590771	0.736013
17	0.591308	0.678721	0.178721	0.614730	0.659445	0.159445	0.656120	0.672708	0.646133
18	0.590153	0.682479	0.182479	0.622469	0.655172	0.155172	0.643438	0.698903	0.611281
19	0.589712	0.681411	0.181411	0.613779	0.663030	0.163030	0.671126	0.641791	0.684347
20	0.588237	0.682631	0.182631	0.614553	0.660513	0.160513	0.690768	0.583460	0.737848
