=== TRAINING REPORT ===

[CONFIG]
data_path: ../Ciphers/Rectangle-64/rect64_R2_r9_s4284564663.npz
model: mlp
batch_size: 128
lr: 0.001
epochs: 20
train_split: 0.8
split_seed: 1234
device: cpu

[DATASET METADATA]
key: 1104118298664201049255969
seed: 4284564663
rounds: 9
deltas: [0, 1, 2, 16, 4294967297, 65544, 51, 3855]

[DATA SHAPES]
train_size: 52428
test_size: 13108
num_rows: 7
block_size: 64
trainable_parameters: 147969

[SUMMARY]
best_test_acc: 0.504501
best_test_adv: 0.004501
best_epoch: 16
best_epoch_train_acc: 0.566567
best_epoch_train_loss: 0.673226
best_epoch_test_loss: 0.718223
final_train_acc: 0.588045
final_test_acc: 0.499390
final_train_loss: 0.660347
final_test_loss: 0.730263
final_test_adv: -0.000610
max_overfit_gap_train_minus_test_acc: 0.088655
epoch_min_test_loss: 1
min_test_loss: 0.693191

[FINAL CONFUSION COUNTS]
TP: 3111
TN: 3435
FP: 3125
FN: 3437
precision: 0.498877
recall: 0.475107
specificity: 0.523628

[EPOCH-BY-EPOCH]
epoch	train_loss	train_acc	train_adv	test_loss	test_acc	test_adv	test_precision	test_recall	test_specificity
1	0.693864	0.497787	-0.002213	0.693191	0.499466	-0.000534	0.499454	0.907605	0.092073
2	0.693265	0.503548	0.003548	0.694292	0.500458	0.000458	0.500000	0.000305	0.999695
3	0.692749	0.511082	0.011082	0.693905	0.498703	-0.001297	0.499115	0.990226	0.008079
4	0.691554	0.522965	0.022965	0.693922	0.497940	-0.002060	0.497596	0.521533	0.474390
5	0.690550	0.529850	0.029850	0.696345	0.501221	0.001221	0.501558	0.245877	0.756098
6	0.689707	0.533799	0.033799	0.699633	0.500763	0.000763	0.500399	0.382865	0.618445
7	0.688793	0.534771	0.034771	0.696639	0.499619	-0.000381	0.498549	0.288638	0.710213
8	0.688024	0.538548	0.038548	0.697551	0.500534	0.000534	0.500078	0.491753	0.509299
9	0.687711	0.539406	0.039406	0.698200	0.501068	0.001068	0.500585	0.522450	0.479726
10	0.685834	0.544385	0.044385	0.701021	0.499085	-0.000915	0.498820	0.580788	0.417530
11	0.683804	0.547951	0.047951	0.705216	0.502594	0.002594	0.501728	0.620648	0.384756
12	0.682187	0.549668	0.049668	0.700915	0.498932	-0.001068	0.498780	0.624465	0.373628
13	0.680268	0.555486	0.055486	0.712836	0.497101	-0.002899	0.496631	0.495266	0.498933
14	0.677472	0.560521	0.060521	0.708690	0.502594	0.002594	0.501777	0.603696	0.401677
15	0.675224	0.564088	0.064088	0.707343	0.503509	0.003509	0.502957	0.519548	0.487500
16	0.673226	0.566567	0.066567	0.718223	0.504501	0.004501	0.503883	0.525199	0.483841
17	0.669672	0.572824	0.072824	0.706547	0.503204	0.003204	0.502602	0.531002	0.475457
18	0.667306	0.576143	0.076143	0.718312	0.502289	0.002289	0.501766	0.520770	0.483841
19	0.663974	0.581025	0.081025	0.716575	0.498474	-0.001526	0.498252	0.565822	0.431250
20	0.660347	0.588045	0.088045	0.730263	0.499390	-0.000610	0.498877	0.475107	0.523628
