=== TRAINING REPORT ===

[CONFIG]
data_path: ../Ciphers/Rectangle-64/Database/rect64_R1_r6_s1521644627.npz
model: conv
batch_size: 128
lr: 0.001
epochs: 20
train_split: 0.8
split_seed: 1234
device: cpu

[DATASET METADATA]
key: 691981368643606297984270
seed: 1521644627
rounds: 6
delta: 1

[DATA SHAPES]
train_size: 52428
test_size: 13108
num_rows: 1
block_size: 64
trainable_parameters: 12929

[SUMMARY]
best_test_acc: 0.541807
best_test_adv: 0.041807
best_epoch: 16
best_epoch_train_acc: 0.541123
best_epoch_train_loss: 0.686577
best_epoch_test_loss: 0.688637
final_train_acc: 0.539082
final_test_acc: 0.540967
final_train_loss: 0.686701
final_test_loss: 0.689083
final_test_adv: 0.040967
max_overfit_gap_train_minus_test_acc: 0.020048
epoch_min_test_loss: 13
min_test_loss: 0.687976

[FINAL CONFUSION COUNTS]
TP: 2315
TN: 4776
FP: 1766
FN: 4251
precision: 0.567263
recall: 0.352574
specificity: 0.730052

[EPOCH-BY-EPOCH]
epoch	train_loss	train_acc	train_adv	test_loss	test_acc	test_adv	test_precision	test_recall	test_specificity
1	0.688328	0.537060	0.037060	0.689386	0.526472	0.026472	0.523504	0.608894	0.443748
2	0.687888	0.537327	0.037327	0.689334	0.534712	0.034712	0.534364	0.553000	0.516356
3	0.687459	0.538376	0.038376	0.688762	0.530134	0.030134	0.525220	0.645446	0.414399
4	0.687228	0.538548	0.038548	0.688682	0.529143	0.029143	0.525887	0.609504	0.448487
5	0.687533	0.536927	0.036927	0.688701	0.534483	0.034483	0.534845	0.542339	0.526597
6	0.687072	0.539139	0.039139	0.688438	0.534406	0.034406	0.534849	0.541121	0.527667
7	0.687072	0.537881	0.037881	0.688230	0.538602	0.038602	0.541896	0.510204	0.567105
8	0.687109	0.539349	0.039349	0.689029	0.531584	0.031584	0.526799	0.637679	0.425099
9	0.687116	0.539712	0.039712	0.688684	0.537839	0.037839	0.540575	0.515382	0.560379
10	0.686848	0.539864	0.039864	0.689972	0.538145	0.038145	0.547904	0.445934	0.630694
11	0.686780	0.541238	0.041238	0.688976	0.538602	0.038602	0.547401	0.455528	0.621981
12	0.686652	0.541562	0.041562	0.690261	0.521514	0.021514	0.515552	0.742157	0.300061
13	0.686668	0.542840	0.042840	0.687976	0.533186	0.033186	0.531307	0.577673	0.488536
14	0.686816	0.540360	0.040360	0.688824	0.540357	0.040357	0.551751	0.439232	0.641853
15	0.686627	0.541714	0.041714	0.689093	0.540586	0.040586	0.559208	0.391258	0.690462
16	0.686577	0.541123	0.041123	0.688637	0.541807	0.041807	0.550324	0.466342	0.617548
17	0.686647	0.541714	0.041714	0.688304	0.533110	0.033110	0.530929	0.583003	0.483033
18	0.686545	0.541238	0.041238	0.688156	0.535093	0.035093	0.533296	0.575693	0.494344
19	0.686654	0.541276	0.041276	0.688089	0.533186	0.033186	0.529646	0.608133	0.457964
20	0.686701	0.539082	0.039082	0.689083	0.540967	0.040967	0.567263	0.352574	0.730052
