=== TRAINING REPORT ===

[CONFIG]
data_path: ../Ciphers/Rectangle-64/rect64_R1_r9_s4284564663.npz
model: mlp
batch_size: 128
lr: 0.001
epochs: 20
train_split: 0.8
split_seed: 1234
device: cpu

[DATASET METADATA]
key: 1104118298664201049255969
seed: 4284564663
rounds: 9
delta: 1

[DATA SHAPES]
train_size: 52428
test_size: 13108
num_rows: 1
block_size: 64
trainable_parameters: 49665

[SUMMARY]
best_test_acc: 0.508544
best_test_adv: 0.008544
best_epoch: 7
best_epoch_train_acc: 0.568704
best_epoch_train_loss: 0.676564
best_epoch_test_loss: 0.706025
final_train_acc: 0.805333
final_test_acc: 0.499466
final_train_loss: 0.426842
final_test_loss: 0.995577
final_test_adv: -0.000534
max_overfit_gap_train_minus_test_acc: 0.305867
epoch_min_test_loss: 1
min_test_loss: 0.693263

[FINAL CONFUSION COUNTS]
TP: 3130
TN: 3417
FP: 3143
FN: 3418
precision: 0.498964
recall: 0.478009
specificity: 0.520884

[EPOCH-BY-EPOCH]
epoch	train_loss	train_acc	train_adv	test_loss	test_acc	test_adv	test_precision	test_recall	test_specificity
1	0.693501	0.502956	0.002956	0.693263	0.495270	-0.004730	0.492628	0.346976	0.643293
2	0.692964	0.509537	0.009537	0.693413	0.494431	-0.005569	0.493422	0.452505	0.536280
3	0.692311	0.516270	0.016270	0.693923	0.497406	-0.002594	0.495624	0.345907	0.648628
4	0.691336	0.523117	0.023117	0.694532	0.499847	-0.000153	0.497833	0.140348	0.858689
5	0.688785	0.536717	0.036717	0.695997	0.500687	0.000687	0.500341	0.336591	0.664482
6	0.684073	0.552815	0.052815	0.698116	0.501831	0.001831	0.501391	0.495571	0.508079
7	0.676564	0.568704	0.068704	0.706025	0.508544	0.008544	0.505638	0.725870	0.291616
8	0.666652	0.590410	0.090410	0.716514	0.504654	0.004654	0.503810	0.555284	0.454116
9	0.654200	0.608625	0.108625	0.725534	0.495575	-0.004425	0.495345	0.520006	0.471189
10	0.639467	0.629416	0.129416	0.739932	0.495957	-0.004043	0.495427	0.488088	0.503811
11	0.622398	0.648642	0.148642	0.760261	0.497635	-0.002365	0.497318	0.523977	0.471341
12	0.602771	0.670043	0.170043	0.774734	0.494202	-0.005798	0.493823	0.500611	0.487805
13	0.582723	0.689498	0.189498	0.801417	0.492981	-0.007019	0.491400	0.427611	0.558232
14	0.560209	0.708667	0.208667	0.822356	0.495804	-0.004196	0.494873	0.449603	0.541921
15	0.538250	0.725280	0.225280	0.848134	0.499008	-0.000992	0.498629	0.527795	0.470274
16	0.515194	0.745346	0.245346	0.882326	0.498169	-0.001831	0.497622	0.479383	0.516921
17	0.493627	0.759442	0.259442	0.904680	0.499695	-0.000305	0.499151	0.448687	0.550610
18	0.471570	0.774662	0.274662	0.942643	0.496948	-0.003052	0.496178	0.456017	0.537805
19	0.450268	0.789750	0.289750	0.972946	0.499619	-0.000381	0.499239	0.551161	0.448171
20	0.426842	0.805333	0.305333	0.995577	0.499466	-0.000534	0.498964	0.478009	0.520884
