=== TRAINING REPORT ===

[CONFIG]
data_path: ../Ciphers/Rectangle-64/rect64_R1_r7_s2901299599.npz
model: mlp
batch_size: 128
lr: 0.001
epochs: 20
train_split: 0.8
split_seed: 1234
device: cpu

[DATASET METADATA]
key: 339203541805379960912015
seed: 2901299599
rounds: 7
delta: 1

[DATA SHAPES]
train_size: 52428
test_size: 13108
num_rows: 1
block_size: 64
trainable_parameters: 49665

[SUMMARY]
best_test_acc: 0.512740
best_test_adv: 0.012740
best_epoch: 11
best_epoch_train_acc: 0.658198
best_epoch_train_loss: 0.612066
best_epoch_test_loss: 0.752547
final_train_acc: 0.808518
final_test_acc: 0.505645
final_train_loss: 0.419804
final_test_loss: 1.015634
final_test_adv: 0.005645
max_overfit_gap_train_minus_test_acc: 0.302873
epoch_min_test_loss: 2
min_test_loss: 0.693254

[FINAL CONFUSION COUNTS]
TP: 3408
TN: 3220
FP: 3324
FN: 3156
precision: 0.506239
recall: 0.519196
specificity: 0.492054

[EPOCH-BY-EPOCH]
epoch	train_loss	train_acc	train_adv	test_loss	test_acc	test_adv	test_precision	test_recall	test_specificity
1	0.693474	0.501297	0.001297	0.696404	0.499237	-0.000763	0.000000	0.000000	1.000000
2	0.692992	0.507954	0.007954	0.693254	0.501449	0.001449	0.511517	0.098111	0.906021
3	0.692195	0.519112	0.019112	0.693547	0.502136	0.002136	0.503145	0.463132	0.541259
4	0.689877	0.533913	0.033913	0.693859	0.501831	0.001831	0.505253	0.249086	0.755348
5	0.685314	0.549020	0.049020	0.696345	0.507934	0.007934	0.508346	0.528946	0.486858
6	0.678293	0.570020	0.070020	0.705614	0.507629	0.007629	0.510601	0.403565	0.612011
7	0.669959	0.584993	0.084993	0.710469	0.508010	0.008010	0.508381	0.531383	0.484566
8	0.659132	0.603094	0.103094	0.718314	0.511138	0.011138	0.510578	0.573583	0.448502
9	0.645924	0.619287	0.119287	0.725142	0.509384	0.009384	0.510245	0.504570	0.514211
10	0.629725	0.639887	0.139887	0.751970	0.509231	0.009231	0.512647	0.404479	0.614303
11	0.612066	0.658198	0.158198	0.752547	0.512740	0.012740	0.514708	0.471816	0.553790
12	0.592168	0.676699	0.176699	0.779863	0.506790	0.006790	0.507440	0.514321	0.499236
13	0.571565	0.694953	0.194953	0.785181	0.508621	0.008621	0.510724	0.446222	0.571210
14	0.548859	0.715896	0.215896	0.826763	0.507400	0.007400	0.509280	0.447288	0.567696
15	0.527254	0.733158	0.233158	0.852825	0.507019	0.007019	0.507732	0.510207	0.503820
16	0.504531	0.750305	0.250305	0.881682	0.507095	0.007095	0.508427	0.473339	0.540954
17	0.482331	0.765564	0.265564	0.917173	0.507705	0.007705	0.508325	0.516301	0.499083
18	0.462163	0.779622	0.279622	0.949876	0.503509	0.003509	0.504308	0.499391	0.507641
19	0.440772	0.794556	0.294556	0.968081	0.499771	-0.000229	0.500538	0.496039	0.503515
20	0.419804	0.808518	0.308518	1.015634	0.505645	0.005645	0.506239	0.519196	0.492054
