=== TRAINING REPORT ===

[CONFIG]
data_path: ../Ciphers/Rectangle-64/Database/rect64_R1_r4_s2186055817.npz
model: conv
batch_size: 128
lr: 0.001
epochs: 20
train_split: 0.8
split_seed: 1234
device: cpu

[DATASET METADATA]
key: 954219362930883695974545
seed: 2186055817
rounds: 4
delta: 1

[DATA SHAPES]
train_size: 52428
test_size: 13108
num_rows: 1
block_size: 64
trainable_parameters: 12929

[SUMMARY]
best_test_acc: 0.905401
best_test_adv: 0.405401
best_epoch: 9
best_epoch_train_acc: 0.903658
best_epoch_train_loss: 0.234571
best_epoch_test_loss: 0.235847
final_train_acc: 0.906691
final_test_acc: 0.902350
final_train_loss: 0.229838
final_test_loss: 0.233359
final_test_adv: 0.402350
max_overfit_gap_train_minus_test_acc: 0.010673
epoch_min_test_loss: 19
min_test_loss: 0.231997

[FINAL CONFUSION COUNTS]
TP: 5867
TN: 5961
FP: 626
FN: 654
precision: 0.903588
recall: 0.899709
specificity: 0.904964

[EPOCH-BY-EPOCH]
epoch	train_loss	train_acc	train_adv	test_loss	test_acc	test_adv	test_precision	test_recall	test_specificity
1	0.291941	0.890669	0.390669	0.253343	0.899146	0.399146	0.906617	0.888821	0.909367
2	0.244517	0.901217	0.401217	0.241345	0.901358	0.401358	0.905901	0.894648	0.908001
3	0.240120	0.902800	0.402800	0.242108	0.902655	0.402655	0.925247	0.875019	0.930014
4	0.237382	0.903639	0.403639	0.241319	0.899374	0.399374	0.887977	0.912897	0.885988
5	0.237268	0.903410	0.403410	0.236775	0.903265	0.403265	0.903270	0.902162	0.904357
6	0.236461	0.904250	0.404250	0.238735	0.900671	0.400671	0.894602	0.907223	0.894186
7	0.234923	0.905070	0.405070	0.234910	0.903570	0.403570	0.910896	0.893575	0.913466
8	0.235013	0.905051	0.405051	0.241958	0.899756	0.399756	0.882249	0.921484	0.878245
9	0.234571	0.903658	0.403658	0.235847	0.905401	0.405401	0.919593	0.887441	0.923182
10	0.233665	0.905394	0.405394	0.234392	0.904944	0.404944	0.902856	0.906456	0.903446
11	0.233070	0.905871	0.405871	0.241710	0.903418	0.403418	0.936825	0.864131	0.942311
12	0.233423	0.906023	0.406023	0.244296	0.902960	0.402960	0.939100	0.860758	0.944740
13	0.231944	0.907340	0.407340	0.237173	0.904486	0.404486	0.929002	0.874866	0.933809
14	0.231835	0.906119	0.406119	0.238768	0.905325	0.405325	0.936508	0.868578	0.941703
15	0.232062	0.906081	0.406081	0.234031	0.905249	0.405249	0.924835	0.881153	0.929103
16	0.230984	0.906996	0.406996	0.246853	0.896323	0.396323	0.870301	0.930225	0.862760
17	0.230188	0.906405	0.406405	0.232222	0.904333	0.404333	0.908865	0.897715	0.910885
18	0.230504	0.906844	0.406844	0.233333	0.904867	0.404867	0.905692	0.902776	0.906938
19	0.229874	0.907530	0.407530	0.231997	0.905325	0.405325	0.916141	0.891274	0.919235
20	0.229838	0.906691	0.406691	0.233359	0.902350	0.402350	0.903588	0.899709	0.904964
