=== TRAINING REPORT ===

[CONFIG]
data_path: ../Ciphers/Rectangle-64/Database/rect64_R2_r5_s930578756.npz
model: resnet
batch_size: 128
lr: 0.001
epochs: 20
train_split: 0.8
split_seed: 1234
device: cpu

[DATASET METADATA]
key: 924828901025689211643617
seed: 930578756
rounds: 5
deltas: [0, 1, 2, 16, 4294967297, 65544, 51, 3855]

[DATA SHAPES]
train_size: 52428
test_size: 13108
num_rows: 7
block_size: 64
trainable_parameters: 125505

[SUMMARY]
best_test_acc: 0.915471
best_test_adv: 0.415471
best_epoch: 5
best_epoch_train_acc: 0.924601
best_epoch_train_loss: 0.193223
best_epoch_test_loss: 0.221804
final_train_acc: 0.986019
final_test_acc: 0.893119
final_train_loss: 0.037314
final_test_loss: 0.492913
final_test_adv: 0.393119
max_overfit_gap_train_minus_test_acc: 0.122252
epoch_min_test_loss: 4
min_test_loss: 0.220245

[FINAL CONFUSION COUNTS]
TP: 5853
TN: 5854
FP: 720
FN: 681
precision: 0.890461
recall: 0.895776
specificity: 0.890478

[EPOCH-BY-EPOCH]
epoch	train_loss	train_acc	train_adv	test_loss	test_acc	test_adv	test_precision	test_recall	test_specificity
1	0.257846	0.892195	0.392195	0.298475	0.890296	0.390296	0.982759	0.793848	0.986158
2	0.221818	0.911555	0.411555	0.241231	0.909368	0.409368	0.959436	0.854301	0.964101
3	0.211037	0.917544	0.417544	0.238268	0.910055	0.410055	0.965895	0.849556	0.970186
4	0.201680	0.921015	0.421015	0.220245	0.914937	0.414937	0.933173	0.893327	0.936416
5	0.193223	0.924601	0.424601	0.221804	0.915471	0.415471	0.925102	0.903581	0.927289
6	0.185473	0.927024	0.427024	0.236658	0.900061	0.400061	0.874534	0.933425	0.866900
7	0.174995	0.932937	0.432937	0.220950	0.912954	0.412954	0.916062	0.908632	0.917250
8	0.166912	0.935073	0.435073	0.238925	0.912649	0.412649	0.926818	0.895470	0.929723
9	0.155017	0.940871	0.440871	0.310217	0.903570	0.403570	0.967033	0.835017	0.971707
10	0.140981	0.944781	0.444781	0.280794	0.908605	0.408605	0.949310	0.862718	0.954214
11	0.127130	0.951247	0.451247	0.298137	0.904181	0.404181	0.953748	0.848944	0.959081
12	0.112228	0.957065	0.457065	0.294347	0.900900	0.400900	0.906634	0.893174	0.908579
13	0.098745	0.962081	0.462081	0.327467	0.886787	0.386787	0.862579	0.919345	0.854427
14	0.084121	0.966983	0.466983	0.453861	0.854821	0.354821	0.797660	0.949648	0.760572
15	0.069129	0.973678	0.473678	0.365732	0.896247	0.396247	0.917932	0.869605	0.922726
16	0.058706	0.977836	0.477836	0.384465	0.892661	0.392661	0.878153	0.911081	0.874354
17	0.054960	0.978504	0.478504	0.415352	0.895255	0.395255	0.917219	0.868228	0.922117
18	0.043287	0.983177	0.483177	0.575633	0.860925	0.360925	0.809568	0.942761	0.779586
19	0.041792	0.984684	0.484684	0.501470	0.885108	0.385108	0.861831	0.916437	0.853970
20	0.037314	0.986019	0.486019	0.492913	0.893119	0.393119	0.890461	0.895776	0.890478
