=== TRAINING REPORT ===

[CONFIG]
data_path: ../Ciphers/Rectangle-64/rect64_R2_r5_s930578756.npz
model: mlp
batch_size: 128
lr: 0.001
epochs: 20
train_split: 0.8
split_seed: 1234
device: cpu

[DATASET METADATA]
key: 924828901025689211643617
seed: 930578756
rounds: 5
deltas: [0, 1, 2, 16, 4294967297, 65544, 51, 3855]

[DATA SHAPES]
train_size: 52428
test_size: 13108
num_rows: 7
block_size: 64
trainable_parameters: 147969

[SUMMARY]
best_test_acc: 0.960558
best_test_adv: 0.460558
best_epoch: 16
best_epoch_train_acc: 0.997044
best_epoch_train_loss: 0.008330
best_epoch_test_loss: 0.194808
final_train_acc: 0.996223
final_test_acc: 0.959643
final_train_loss: 0.010455
final_test_loss: 0.189841
final_test_adv: 0.459643
max_overfit_gap_train_minus_test_acc: 0.042397
epoch_min_test_loss: 6
min_test_loss: 0.119434

[FINAL CONFUSION COUNTS]
TP: 6238
TN: 6341
FP: 233
FN: 296
precision: 0.963993
recall: 0.954699
specificity: 0.964557

[EPOCH-BY-EPOCH]
epoch	train_loss	train_acc	train_adv	test_loss	test_acc	test_adv	test_precision	test_recall	test_specificity
1	0.234406	0.904631	0.404631	0.199505	0.922948	0.422948	0.953233	0.889042	0.956647
2	0.175428	0.931277	0.431277	0.156023	0.941105	0.441105	0.949875	0.930976	0.951171
3	0.117393	0.957599	0.457599	0.132460	0.950793	0.450793	0.969842	0.930211	0.971250
4	0.083479	0.970531	0.470531	0.120625	0.959109	0.459109	0.967280	0.950107	0.968056
5	0.057087	0.980087	0.480087	0.127053	0.958117	0.458117	0.974473	0.940618	0.975510
6	0.040752	0.986076	0.486076	0.119434	0.959719	0.459719	0.961290	0.957759	0.961667
7	0.026311	0.991264	0.491264	0.165071	0.954760	0.454760	0.944619	0.965871	0.943718
8	0.025866	0.990978	0.490978	0.155997	0.959872	0.459872	0.975919	0.942761	0.976879
9	0.018827	0.993534	0.493534	0.148923	0.959719	0.459719	0.959315	0.959902	0.959538
10	0.013305	0.995308	0.495308	0.189735	0.959643	0.459643	0.981710	0.936486	0.982659
11	0.013531	0.995289	0.495289	0.178063	0.959796	0.459796	0.959462	0.959902	0.959690
12	0.015402	0.994221	0.494221	0.177946	0.958956	0.458956	0.974067	0.942761	0.975053
13	0.012348	0.995403	0.495403	0.189573	0.953006	0.453006	0.941906	0.965259	0.940828
14	0.010258	0.996242	0.496242	0.196189	0.960482	0.460482	0.961633	0.958984	0.961971
15	0.014022	0.994640	0.494640	0.186294	0.960406	0.460406	0.970289	0.949648	0.971098
16	0.008330	0.997044	0.497044	0.194808	0.960558	0.460558	0.957149	0.964034	0.957104
17	0.007238	0.997253	0.497253	0.205208	0.960330	0.460330	0.965624	0.954392	0.966231
18	0.010413	0.996262	0.496262	0.209095	0.959185	0.459185	0.978313	0.938935	0.979312
19	0.005907	0.998016	0.498016	0.220188	0.958041	0.458041	0.970145	0.944904	0.971098
20	0.010455	0.996223	0.496223	0.189841	0.959643	0.459643	0.963993	0.954699	0.964557
