=== TRAINING REPORT ===

[CONFIG]
data_path: ../Ciphers/Rectangle-64/rect64_R1_r8_s411269150.npz
model: mlp
batch_size: 128
lr: 0.001
epochs: 20
train_split: 0.8
split_seed: 1234
device: cpu

[DATASET METADATA]
key: 299512085906240348705644
seed: 411269150
rounds: 8
delta: 1

[DATA SHAPES]
train_size: 52428
test_size: 13108
num_rows: 1
block_size: 64
trainable_parameters: 49665

[SUMMARY]
best_test_acc: 0.505340
best_test_adv: 0.005340
best_epoch: 12
best_epoch_train_acc: 0.662299
best_epoch_train_loss: 0.609376
best_epoch_test_loss: 0.782466
final_train_acc: 0.790913
final_test_acc: 0.497940
final_train_loss: 0.443098
final_test_loss: 0.981614
final_test_adv: -0.002060
max_overfit_gap_train_minus_test_acc: 0.292973
epoch_min_test_loss: 1
min_test_loss: 0.693162

[FINAL CONFUSION COUNTS]
TP: 3208
TN: 3319
FP: 3190
FN: 3391
precision: 0.501407
recall: 0.486134
specificity: 0.509909

[EPOCH-BY-EPOCH]
epoch	train_loss	train_acc	train_adv	test_loss	test_acc	test_adv	test_precision	test_recall	test_specificity
1	0.693735	0.498665	-0.001335	0.693162	0.504806	0.004806	0.504554	0.906653	0.097404
2	0.693069	0.505512	0.005512	0.693304	0.503433	0.003433	0.503502	0.980300	0.019972
3	0.692614	0.513256	0.013256	0.693399	0.503280	0.003280	0.503824	0.878466	0.122907
4	0.691657	0.521286	0.021286	0.695599	0.498703	-0.001297	0.505897	0.181997	0.819788
5	0.689203	0.534466	0.034466	0.696640	0.500763	0.000763	0.507727	0.273829	0.730834
6	0.684030	0.553159	0.053159	0.701380	0.498627	-0.001373	0.501811	0.566904	0.429405
7	0.677508	0.565824	0.065824	0.703856	0.499695	-0.000305	0.502483	0.628580	0.369028
8	0.668140	0.585908	0.085908	0.714881	0.497635	-0.002365	0.500833	0.637975	0.355354
9	0.657284	0.602445	0.102445	0.716094	0.496567	-0.003433	0.500000	0.504470	0.488554
10	0.643135	0.621901	0.121901	0.736634	0.497330	-0.002670	0.501033	0.367631	0.628822
11	0.627664	0.641146	0.141146	0.744969	0.504654	0.004654	0.507794	0.523261	0.485789
12	0.609376	0.662299	0.162299	0.782466	0.505340	0.005340	0.507013	0.629944	0.379014
13	0.589465	0.679198	0.179198	0.779082	0.500763	0.000763	0.504374	0.480527	0.521278
14	0.568569	0.697700	0.197700	0.801435	0.501602	0.001602	0.505009	0.504167	0.499001
15	0.546502	0.716182	0.216182	0.836899	0.499390	-0.000610	0.503132	0.450371	0.549086
16	0.525456	0.734436	0.234436	0.863585	0.499847	-0.000153	0.503187	0.514472	0.485021
17	0.504121	0.748188	0.248188	0.885079	0.496872	-0.003128	0.500285	0.532656	0.460593
18	0.483129	0.764363	0.264363	0.912537	0.501602	0.001602	0.505061	0.499015	0.504225
19	0.462893	0.778687	0.278687	0.937563	0.500000	0.000000	0.503835	0.447947	0.552773
20	0.443098	0.790913	0.290913	0.981614	0.497940	-0.002060	0.501407	0.486134	0.509909
