=== TRAINING REPORT ===

[CONFIG]
data_path: ../Ciphers/Rectangle-64/Database/rect64_R1_r4_s2186055817.npz
model: resnet
batch_size: 128
lr: 0.001
epochs: 20
train_split: 0.8
split_seed: 1234
device: cpu

[DATASET METADATA]
key: 954219362930883695974545
seed: 2186055817
rounds: 4
delta: 1

[DATA SHAPES]
train_size: 52428
test_size: 13108
num_rows: 1
block_size: 64
trainable_parameters: 125121

[SUMMARY]
best_test_acc: 0.958727
best_test_adv: 0.458727
best_epoch: 9
best_epoch_train_acc: 0.959277
best_epoch_train_loss: 0.110812
best_epoch_test_loss: 0.110824
final_train_acc: 0.970779
final_test_acc: 0.954532
final_train_loss: 0.081099
final_test_loss: 0.124282
final_test_adv: 0.454532
max_overfit_gap_train_minus_test_acc: 0.019451
epoch_min_test_loss: 9
min_test_loss: 0.110824

[FINAL CONFUSION COUNTS]
TP: 6309
TN: 6203
FP: 384
FN: 212
precision: 0.942627
recall: 0.967490
specificity: 0.941703

[EPOCH-BY-EPOCH]
epoch	train_loss	train_acc	train_adv	test_loss	test_acc	test_adv	test_precision	test_recall	test_specificity
1	0.219897	0.913005	0.413005	0.209613	0.921575	0.421575	0.952248	0.886827	0.955974
2	0.196517	0.924086	0.424086	0.189883	0.927296	0.427296	0.929365	0.924091	0.930469
3	0.187814	0.928321	0.428321	0.216004	0.925313	0.425313	0.970458	0.876553	0.973584
4	0.170262	0.934710	0.434710	0.147925	0.946979	0.446979	0.970294	0.921638	0.972066
5	0.133114	0.950217	0.450217	0.130452	0.949649	0.449649	0.931909	0.969637	0.929862
6	0.119505	0.955959	0.455959	0.122363	0.954608	0.454608	0.962969	0.945100	0.964020
7	0.114111	0.957828	0.457828	0.114484	0.957507	0.457507	0.960327	0.953995	0.960984
8	0.110097	0.958896	0.458896	0.118260	0.953845	0.453845	0.944946	0.963349	0.944436
9	0.110812	0.959277	0.459277	0.110824	0.958727	0.458727	0.962133	0.954608	0.962806
10	0.105886	0.960765	0.460765	0.113343	0.957812	0.457812	0.956130	0.959209	0.956429
11	0.102784	0.962634	0.462634	0.116644	0.958651	0.458651	0.973397	0.942647	0.974495
12	0.102292	0.962520	0.462520	0.127567	0.949039	0.449039	0.928540	0.972397	0.925915
13	0.098832	0.964370	0.464370	0.120253	0.957278	0.457278	0.977568	0.935593	0.978746
14	0.096307	0.965324	0.465324	0.115616	0.958651	0.458651	0.970862	0.945254	0.971914
15	0.095277	0.965095	0.465095	0.129317	0.947971	0.447971	0.928897	0.969637	0.926522
16	0.091359	0.966716	0.466716	0.122085	0.953540	0.453540	0.937667	0.971170	0.936086
17	0.089590	0.966735	0.466735	0.135160	0.947284	0.447284	0.923692	0.974544	0.920298
18	0.086019	0.968719	0.468719	0.124750	0.958117	0.458117	0.974420	0.940500	0.975558
19	0.083135	0.970092	0.470092	0.120316	0.956744	0.456744	0.954088	0.959209	0.954304
20	0.081099	0.970779	0.470779	0.124282	0.954532	0.454532	0.942627	0.967490	0.941703
