=== TRAINING REPORT ===

[CONFIG]
data_path: ../Ciphers/Rectangle-64/rect64_R1_r4_s2186055817.npz
model: mlp
batch_size: 128
lr: 0.001
epochs: 20
train_split: 0.8
split_seed: 1234
device: cpu

[DATASET METADATA]
key: 954219362930883695974545
seed: 2186055817
rounds: 4
delta: 1

[DATA SHAPES]
train_size: 52428
test_size: 13108
num_rows: 1
block_size: 64
trainable_parameters: 49665

[SUMMARY]
best_test_acc: 0.994583
best_test_adv: 0.494583
best_epoch: 20
best_epoch_train_acc: 1.000000
best_epoch_train_loss: 0.000051
best_epoch_test_loss: 0.025815
final_train_acc: 1.000000
final_test_acc: 0.994583
final_train_loss: 0.000051
final_test_loss: 0.025815
final_test_adv: 0.494583
max_overfit_gap_train_minus_test_acc: 0.006847
epoch_min_test_loss: 8
min_test_loss: 0.020503

[FINAL CONFUSION COUNTS]
TP: 6488
TN: 6549
FP: 38
FN: 33
precision: 0.994177
recall: 0.994939
specificity: 0.994231

[EPOCH-BY-EPOCH]
epoch	train_loss	train_acc	train_adv	test_loss	test_acc	test_adv	test_precision	test_recall	test_specificity
1	0.109109	0.962997	0.462997	0.044390	0.984208	0.484208	0.985692	0.982518	0.985881
2	0.038734	0.986877	0.486877	0.033253	0.988557	0.488557	0.989099	0.987885	0.989221
3	0.026617	0.991169	0.491169	0.021814	0.991837	0.491837	0.992475	0.991106	0.992561
4	0.019097	0.993877	0.493877	0.021866	0.991837	0.491837	0.990817	0.992793	0.990891
5	0.014029	0.995365	0.495365	0.023361	0.991608	0.491608	0.988718	0.994479	0.988766
6	0.011064	0.996490	0.496490	0.025428	0.991379	0.491379	0.986339	0.996473	0.986337
7	0.008334	0.996986	0.496986	0.020815	0.991913	0.491913	0.993841	0.989879	0.993927
8	0.005064	0.998341	0.498341	0.020503	0.993592	0.493592	0.992351	0.994786	0.992409
9	0.005937	0.997997	0.497997	0.022820	0.992600	0.492600	0.989933	0.995246	0.989980
10	0.003695	0.998836	0.498836	0.027652	0.991990	0.491990	0.993994	0.989879	0.994079
11	0.004691	0.998283	0.498283	0.025685	0.992676	0.492676	0.994916	0.990339	0.994990
12	0.003656	0.998856	0.498856	0.024490	0.993439	0.493439	0.993255	0.993559	0.993320
13	0.003917	0.998646	0.498646	0.021986	0.993897	0.493897	0.992808	0.994939	0.992865
14	0.003555	0.998703	0.498703	0.029979	0.992066	0.492066	0.996134	0.987885	0.996205
15	0.001659	0.999428	0.499428	0.026316	0.993821	0.493821	0.991903	0.995706	0.991954
16	0.003165	0.998932	0.498932	0.029372	0.993210	0.493210	0.991443	0.994939	0.991498
17	0.005720	0.998112	0.498112	0.024115	0.992753	0.492753	0.992338	0.993099	0.992409
18	0.000885	0.999809	0.499809	0.023602	0.994507	0.494507	0.994176	0.994786	0.994231
19	0.000247	0.999962	0.499962	0.025330	0.994355	0.494355	0.994023	0.994633	0.994079
20	0.000051	1.000000	0.500000	0.025815	0.994583	0.494583	0.994177	0.994939	0.994231
