=== TRAINING REPORT ===

[CONFIG]
data_path: ../Ciphers/Rectangle-64/rect64_R2_r6_s1521644627.npz
model: mlp
batch_size: 128
lr: 0.001
epochs: 20
train_split: 0.8
split_seed: 1234
device: cpu

[DATASET METADATA]
key: 691981368643606297984270
seed: 1521644627
rounds: 6
deltas: [0, 1, 2, 16, 4294967297, 65544, 51, 3855]

[DATA SHAPES]
train_size: 52428
test_size: 13108
num_rows: 7
block_size: 64
trainable_parameters: 147969

[SUMMARY]
best_test_acc: 0.762054
best_test_adv: 0.262054
best_epoch: 7
best_epoch_train_acc: 0.806954
best_epoch_train_loss: 0.417801
best_epoch_test_loss: 0.496706
final_train_acc: 0.915808
final_test_acc: 0.745270
final_train_loss: 0.213024
final_test_loss: 0.846709
final_test_adv: 0.245270
max_overfit_gap_train_minus_test_acc: 0.170538
epoch_min_test_loss: 5
min_test_loss: 0.496658

[FINAL CONFUSION COUNTS]
TP: 4899
TN: 4870
FP: 1672
FN: 1667
precision: 0.745549
recall: 0.746116
specificity: 0.744421

[EPOCH-BY-EPOCH]
epoch	train_loss	train_acc	train_adv	test_loss	test_acc	test_adv	test_precision	test_recall	test_specificity
1	0.606967	0.658026	0.158026	0.579021	0.684925	0.184925	0.731207	0.586659	0.783552
2	0.574978	0.689975	0.189975	0.571275	0.693622	0.193622	0.728249	0.619555	0.767961
3	0.538239	0.721828	0.221828	0.528007	0.735124	0.235124	0.790899	0.640573	0.830021
4	0.496152	0.756886	0.256886	0.518533	0.741227	0.241227	0.754001	0.717484	0.765057
5	0.470163	0.774739	0.274739	0.496658	0.760299	0.260299	0.789385	0.711240	0.809538
6	0.443075	0.791352	0.291352	0.498239	0.757476	0.257476	0.802465	0.684283	0.830939
7	0.417801	0.806954	0.306954	0.496706	0.762054	0.262054	0.833043	0.656564	0.867930
8	0.397204	0.819924	0.319924	0.512479	0.753967	0.253967	0.809753	0.665093	0.843167
9	0.377810	0.830930	0.330930	0.524400	0.757171	0.257171	0.793612	0.696314	0.818251
10	0.361403	0.838712	0.338712	0.585204	0.744202	0.244202	0.722168	0.795309	0.692907
11	0.340573	0.850347	0.350347	0.568173	0.746186	0.246186	0.740675	0.759062	0.733262
12	0.323232	0.860590	0.360590	0.555643	0.761138	0.261138	0.781881	0.725556	0.796851
13	0.309135	0.867056	0.367056	0.633973	0.753280	0.253280	0.741940	0.778099	0.728371
14	0.293338	0.876364	0.376364	0.616604	0.758621	0.258621	0.775243	0.729668	0.787680
15	0.275640	0.884947	0.384947	0.636803	0.755417	0.255417	0.777870	0.716266	0.794711
16	0.261825	0.892138	0.392138	0.684703	0.755264	0.255264	0.763001	0.741852	0.768725
17	0.246566	0.899214	0.399214	0.723699	0.752975	0.252975	0.763458	0.734389	0.771629
18	0.233236	0.906825	0.406825	0.713878	0.753586	0.253586	0.774072	0.717484	0.789820
19	0.219906	0.912966	0.412966	0.718632	0.756866	0.256866	0.795316	0.692964	0.821003
20	0.213024	0.915808	0.415808	0.846709	0.745270	0.245270	0.745549	0.746116	0.744421
