=== TRAINING REPORT ===

[CONFIG]
data_path: ../Ciphers/Rectangle-64/rect64_R2_r8_s411269150.npz
model: mlp
batch_size: 128
lr: 0.001
epochs: 20
train_split: 0.8
split_seed: 1234
device: cpu

[DATASET METADATA]
key: 299512085906240348705644
seed: 411269150
rounds: 8
deltas: [0, 1, 2, 16, 4294967297, 65544, 51, 3855]

[DATA SHAPES]
train_size: 52428
test_size: 13108
num_rows: 7
block_size: 64
trainable_parameters: 147969

[SUMMARY]
best_test_acc: 0.505798
best_test_adv: 0.005798
best_epoch: 18
best_epoch_train_acc: 0.607252
best_epoch_train_loss: 0.643148
best_epoch_test_loss: 0.743618
final_train_acc: 0.622244
final_test_acc: 0.504730
final_train_loss: 0.631187
final_test_loss: 0.746806
final_test_adv: 0.004730
max_overfit_gap_train_minus_test_acc: 0.117514
epoch_min_test_loss: 2
min_test_loss: 0.693159

[FINAL CONFUSION COUNTS]
TP: 4047
TN: 2569
FP: 3940
FN: 2552
precision: 0.506698
recall: 0.613275
specificity: 0.394684

[EPOCH-BY-EPOCH]
epoch	train_loss	train_acc	train_adv	test_loss	test_acc	test_adv	test_precision	test_recall	test_specificity
1	0.693730	0.500706	0.000706	0.693212	0.493744	-0.006256	0.495028	0.279133	0.711323
2	0.693159	0.505035	0.005035	0.693159	0.498856	-0.001144	0.502388	0.478254	0.519742
3	0.692519	0.513828	0.013828	0.693479	0.500153	0.000153	0.503010	0.595090	0.403902
4	0.691400	0.525864	0.025864	0.694269	0.497482	-0.002518	0.502101	0.217306	0.781533
5	0.690649	0.531415	0.031415	0.695127	0.496796	-0.003204	0.500398	0.285801	0.710708
6	0.689681	0.533188	0.033188	0.699001	0.501755	0.001755	0.512957	0.203970	0.803656
7	0.688914	0.535115	0.035115	0.696914	0.498932	-0.001068	0.503054	0.386877	0.612536
8	0.687430	0.537003	0.037003	0.698055	0.499161	-0.000839	0.503994	0.325049	0.675680
9	0.687321	0.540303	0.040303	0.702331	0.498016	-0.001984	0.502262	0.319594	0.678906
10	0.685551	0.545453	0.045453	0.698173	0.502441	0.002441	0.504588	0.641612	0.361346
11	0.682526	0.550851	0.050851	0.714323	0.495652	-0.004348	0.498714	0.352478	0.640805
12	0.678569	0.558289	0.058289	0.708370	0.500687	0.000687	0.504038	0.510683	0.490552
13	0.673001	0.568227	0.068227	0.708778	0.498322	-0.001678	0.501234	0.708138	0.285605
14	0.667476	0.576066	0.076066	0.717356	0.501221	0.001221	0.505702	0.409911	0.593793
15	0.662617	0.581407	0.081407	0.726070	0.497406	-0.002594	0.500772	0.540688	0.453526
16	0.656948	0.590467	0.090467	0.736254	0.504348	0.004348	0.507023	0.557963	0.449992
17	0.650374	0.599222	0.099222	0.741019	0.499924	-0.000076	0.502466	0.679194	0.318175
18	0.643148	0.607252	0.107252	0.743618	0.505798	0.005798	0.506692	0.694196	0.314795
19	0.637230	0.614996	0.114996	0.747867	0.503052	0.003052	0.505046	0.644643	0.359502
20	0.631187	0.622244	0.122244	0.746806	0.504730	0.004730	0.506698	0.613275	0.394684
