=== TRAINING REPORT ===

[CONFIG]
data_path: ../Ciphers/Rectangle-64/rect64_R2_r4_s2186055817.npz
model: mlp
batch_size: 128
lr: 0.001
epochs: 20
train_split: 0.8
split_seed: 1234
device: cpu

[DATASET METADATA]
key: 954219362930883695974545
seed: 2186055817
rounds: 4
deltas: [0, 1, 2, 16, 4294967297, 65544, 51, 3855]

[DATA SHAPES]
train_size: 52428
test_size: 13108
num_rows: 7
block_size: 64
trainable_parameters: 147969

[SUMMARY]
best_test_acc: 0.999542
best_test_adv: 0.499542
best_epoch: 1
best_epoch_train_acc: 0.995613
best_epoch_train_loss: 0.019716
best_epoch_test_loss: 0.001788
final_train_acc: 1.000000
final_test_acc: 0.999542
final_train_loss: 0.000000
final_test_loss: 0.002395
final_test_adv: 0.499542
max_overfit_gap_train_minus_test_acc: 0.002422
epoch_min_test_loss: 5
min_test_loss: 0.001600

[FINAL CONFUSION COUNTS]
TP: 6517
TN: 6585
FP: 2
FN: 4
precision: 0.999693
recall: 0.999387
specificity: 0.999696

[EPOCH-BY-EPOCH]
epoch	train_loss	train_acc	train_adv	test_loss	test_acc	test_adv	test_precision	test_recall	test_specificity
1	0.019716	0.995613	0.495613	0.001788	0.999542	0.499542	0.999540	0.999540	0.999545
2	0.002563	0.999142	0.499142	0.002497	0.999085	0.499085	0.999540	0.998620	0.999545
3	0.001787	0.999371	0.499371	0.009417	0.996948	0.496948	0.994054	0.999847	0.994079
4	0.001463	0.999447	0.499447	0.001881	0.999237	0.499237	0.999693	0.998773	0.999696
5	0.000826	0.999714	0.499714	0.001600	0.999466	0.499466	0.999540	0.999387	0.999545
6	0.000194	0.999962	0.499962	0.001922	0.999542	0.499542	0.999847	0.999233	0.999848
7	0.000019	1.000000	0.500000	0.001910	0.999542	0.499542	0.999693	0.999387	0.999696
8	0.000004	1.000000	0.500000	0.002053	0.999542	0.499542	0.999693	0.999387	0.999696
9	0.000003	1.000000	0.500000	0.002048	0.999542	0.499542	0.999693	0.999387	0.999696
10	0.000002	1.000000	0.500000	0.002105	0.999542	0.499542	0.999693	0.999387	0.999696
11	0.000001	1.000000	0.500000	0.002142	0.999542	0.499542	0.999693	0.999387	0.999696
12	0.000001	1.000000	0.500000	0.002169	0.999542	0.499542	0.999693	0.999387	0.999696
13	0.000001	1.000000	0.500000	0.002172	0.999542	0.499542	0.999693	0.999387	0.999696
14	0.000001	1.000000	0.500000	0.002219	0.999542	0.499542	0.999693	0.999387	0.999696
15	0.000000	1.000000	0.500000	0.002241	0.999542	0.499542	0.999693	0.999387	0.999696
16	0.000000	1.000000	0.500000	0.002282	0.999542	0.499542	0.999693	0.999387	0.999696
17	0.000000	1.000000	0.500000	0.002311	0.999542	0.499542	0.999693	0.999387	0.999696
18	0.000000	1.000000	0.500000	0.002318	0.999542	0.499542	0.999693	0.999387	0.999696
19	0.000000	1.000000	0.500000	0.002378	0.999542	0.499542	0.999693	0.999387	0.999696
20	0.000000	1.000000	0.500000	0.002395	0.999542	0.499542	0.999693	0.999387	0.999696
