=== TRAINING REPORT ===

[CONFIG]
data_path: ../Ciphers/Rectangle-64/Database/rect64_R2_r4_s2186055817.npz
model: resnet
batch_size: 128
lr: 0.001
epochs: 20
train_split: 0.8
split_seed: 1234
device: cpu

[DATASET METADATA]
key: 954219362930883695974545
seed: 2186055817
rounds: 4
deltas: [0, 1, 2, 16, 4294967297, 65544, 51, 3855]

[DATA SHAPES]
train_size: 52428
test_size: 13108
num_rows: 7
block_size: 64
trainable_parameters: 125505

[SUMMARY]
best_test_acc: 0.998856
best_test_adv: 0.498856
best_epoch: 19
best_epoch_train_acc: 0.999657
best_epoch_train_loss: 0.001023
best_epoch_test_loss: 0.004534
final_train_acc: 0.999638
final_test_acc: 0.998627
final_train_loss: 0.001055
final_test_loss: 0.003133
final_test_adv: 0.498627
max_overfit_gap_train_minus_test_acc: 0.002746
epoch_min_test_loss: 20
min_test_loss: 0.003133

[FINAL CONFUSION COUNTS]
TP: 6508
TN: 6582
FP: 5
FN: 13
precision: 0.999232
recall: 0.998006
specificity: 0.999241

[EPOCH-BY-EPOCH]
epoch	train_loss	train_acc	train_adv	test_loss	test_acc	test_adv	test_precision	test_recall	test_specificity
1	0.016034	0.995136	0.495136	0.006030	0.997864	0.497864	0.998465	0.997240	0.998482
2	0.007282	0.997539	0.497539	0.006986	0.997406	0.497406	0.998923	0.995860	0.998937
3	0.006028	0.998035	0.498035	0.005002	0.997711	0.497711	0.998005	0.997393	0.998026
4	0.005123	0.998264	0.498264	0.006420	0.997788	0.497788	0.996634	0.998927	0.996660
5	0.004574	0.998703	0.498703	0.004718	0.998398	0.498398	0.998619	0.998160	0.998634
6	0.002486	0.999237	0.499237	0.006459	0.998016	0.498016	0.998618	0.997393	0.998634
7	0.002640	0.999123	0.499123	0.005917	0.998245	0.498245	0.999385	0.997086	0.999393
8	0.002682	0.999123	0.499123	0.006596	0.997788	0.497788	0.998924	0.996626	0.998937
9	0.002508	0.999237	0.499237	0.004872	0.998169	0.498169	0.997549	0.998773	0.997571
10	0.001916	0.999409	0.499409	0.009728	0.997101	0.497101	0.999846	0.994326	0.999848
11	0.001868	0.999466	0.499466	0.004475	0.998627	0.498627	0.998467	0.998773	0.998482
12	0.001211	0.999619	0.499619	0.013728	0.996872	0.496872	1.000000	0.993713	1.000000
13	0.001357	0.999619	0.499619	0.005705	0.998398	0.498398	0.999232	0.997546	0.999241
14	0.001554	0.999409	0.499409	0.003950	0.998703	0.498703	0.998467	0.998927	0.998482
15	0.000770	0.999809	0.499809	0.004221	0.998551	0.498551	0.998773	0.998313	0.998785
16	0.000480	0.999866	0.499866	0.004766	0.998322	0.498322	0.997550	0.999080	0.997571
17	0.001145	0.999619	0.499619	0.005617	0.998474	0.498474	0.999539	0.997393	0.999545
18	0.000964	0.999599	0.499599	0.009154	0.997864	0.497864	0.999846	0.995860	0.999848
19	0.001023	0.999657	0.499657	0.004534	0.998856	0.498856	0.999846	0.997853	0.999848
20	0.001055	0.999638	0.499638	0.003133	0.998627	0.498627	0.999232	0.998006	0.999241
