=== TRAINING REPORT ===

[CONFIG]
data_path: ../Ciphers/Rectangle-64/Database/rect64_R1_r6_s1521644627.npz
model: resnet
batch_size: 128
lr: 0.001
epochs: 20
train_split: 0.8
split_seed: 1234
device: cpu

[DATASET METADATA]
key: 691981368643606297984270
seed: 1521644627
rounds: 6
delta: 1

[DATA SHAPES]
train_size: 52428
test_size: 13108
num_rows: 1
block_size: 64
trainable_parameters: 125121

[SUMMARY]
best_test_acc: 0.542569
best_test_adv: 0.042569
best_epoch: 5
best_epoch_train_acc: 0.542554
best_epoch_train_loss: 0.686901
best_epoch_test_loss: 0.690309
final_train_acc: 0.547360
final_test_acc: 0.530363
final_train_loss: 0.684848
final_test_loss: 0.689097
final_test_adv: 0.030363
max_overfit_gap_train_minus_test_acc: 0.026094
epoch_min_test_loss: 19
min_test_loss: 0.688615

[FINAL CONFUSION COUNTS]
TP: 4609
TN: 2343
FP: 4199
FN: 1957
precision: 0.523274
recall: 0.701949
specificity: 0.358147

[EPOCH-BY-EPOCH]
epoch	train_loss	train_acc	train_adv	test_loss	test_acc	test_adv	test_precision	test_recall	test_specificity
1	0.691887	0.530575	0.030575	0.691052	0.534330	0.034330	0.537354	0.506092	0.562672
2	0.688308	0.537156	0.037156	0.694880	0.511062	0.011062	0.506858	0.883643	0.137114
3	0.687685	0.539654	0.039654	0.691774	0.535246	0.035246	0.575526	0.275053	0.796393
4	0.687799	0.539960	0.039960	0.689207	0.538984	0.038984	0.548815	0.447761	0.630541
5	0.686901	0.542554	0.042554	0.690309	0.542569	0.042569	0.575397	0.331252	0.754662
6	0.687483	0.541047	0.041047	0.692905	0.520980	0.020980	0.514240	0.789217	0.251758
7	0.687059	0.542020	0.042020	0.690569	0.536237	0.036237	0.572578	0.292568	0.780801
8	0.686484	0.541543	0.041543	0.690720	0.540281	0.040281	0.561531	0.375267	0.705900
9	0.686362	0.543221	0.043221	0.690599	0.541044	0.041044	0.565414	0.362016	0.720728
10	0.686489	0.543317	0.043317	0.689487	0.538526	0.038526	0.551016	0.425221	0.652247
11	0.686084	0.544690	0.044690	0.692984	0.541044	0.041044	0.575967	0.317545	0.765362
12	0.686223	0.542573	0.042573	0.692042	0.537077	0.037077	0.572132	0.300792	0.774228
13	0.686592	0.541276	0.041276	0.690084	0.531584	0.031584	0.526719	0.639507	0.423265
14	0.686708	0.542973	0.042973	0.688865	0.532804	0.032804	0.531066	0.575388	0.490064
15	0.685890	0.545129	0.045129	0.688649	0.534483	0.034483	0.539890	0.478221	0.590951
16	0.685937	0.542191	0.042191	0.689695	0.530058	0.030058	0.525827	0.629455	0.430297
17	0.685295	0.547284	0.047284	0.691039	0.526549	0.026549	0.519929	0.715200	0.337206
18	0.685272	0.545567	0.045567	0.689316	0.540357	0.040357	0.556319	0.406945	0.674259
19	0.685189	0.547799	0.047799	0.688615	0.531431	0.031431	0.529169	0.585745	0.476918
20	0.684848	0.547360	0.047360	0.689097	0.530363	0.030363	0.523274	0.701949	0.358147
