=== TRAINING REPORT ===

[CONFIG]
data_path: ../Ciphers/Rectangle-64/Database/rect64_R2_r6_s1521644627.npz
model: resnet
batch_size: 128
lr: 0.001
epochs: 20
train_split: 0.8
split_seed: 1234
device: cpu

[DATASET METADATA]
key: 691981368643606297984270
seed: 1521644627
rounds: 6
deltas: [0, 1, 2, 16, 4294967297, 65544, 51, 3855]

[DATA SHAPES]
train_size: 52428
test_size: 13108
num_rows: 7
block_size: 64
trainable_parameters: 125505

[SUMMARY]
best_test_acc: 0.669820
best_test_adv: 0.169820
best_epoch: 1
best_epoch_train_acc: 0.653773
best_epoch_train_loss: 0.618714
best_epoch_test_loss: 0.611108
final_train_acc: 0.914149
final_test_acc: 0.592539
final_train_loss: 0.207634
final_test_loss: 1.269286
final_test_adv: 0.092539
max_overfit_gap_train_minus_test_acc: 0.321610
epoch_min_test_loss: 3
min_test_loss: 0.609665

[FINAL CONFUSION COUNTS]
TP: 3657
TN: 4110
FP: 2432
FN: 2909
precision: 0.600591
recall: 0.556960
specificity: 0.628248

[EPOCH-BY-EPOCH]
epoch	train_loss	train_acc	train_adv	test_loss	test_acc	test_adv	test_precision	test_recall	test_specificity
1	0.618714	0.653773	0.153773	0.611108	0.669820	0.169820	0.696385	0.604325	0.735555
2	0.604523	0.667010	0.167010	0.619284	0.664251	0.164251	0.743423	0.503503	0.825589
3	0.599729	0.671454	0.171454	0.609665	0.661886	0.161886	0.659922	0.670576	0.653164
4	0.595925	0.675402	0.175402	0.611133	0.658377	0.158377	0.650780	0.686263	0.630388
5	0.591223	0.680209	0.180209	0.619769	0.648688	0.148688	0.628658	0.729668	0.567411
6	0.585746	0.685206	0.185206	0.625311	0.660665	0.160665	0.734396	0.505330	0.816570
7	0.578827	0.691539	0.191539	0.618176	0.647315	0.147315	0.641474	0.670880	0.623662
8	0.568092	0.702106	0.202106	0.620014	0.660131	0.160131	0.676005	0.617423	0.702996
9	0.554957	0.712940	0.212940	0.643668	0.639304	0.139304	0.629619	0.679866	0.598594
10	0.537501	0.728714	0.228714	0.652049	0.643500	0.143500	0.670694	0.566403	0.720880
11	0.514572	0.742885	0.242885	0.682099	0.631828	0.131828	0.631659	0.635699	0.627943
12	0.488738	0.762894	0.262894	0.700288	0.637626	0.137626	0.658298	0.575084	0.700397
13	0.458342	0.783036	0.283036	0.732735	0.629616	0.129616	0.636640	0.607067	0.652247
14	0.425616	0.802338	0.302338	0.769527	0.619698	0.119698	0.628016	0.590618	0.648884
15	0.389625	0.826524	0.326524	0.841207	0.622826	0.122826	0.642032	0.558331	0.687557
16	0.348433	0.846208	0.346208	0.907500	0.620995	0.120995	0.648734	0.530765	0.711556
17	0.309457	0.866789	0.366789	1.029178	0.622902	0.122902	0.634778	0.582090	0.663864
18	0.270450	0.884775	0.384775	1.085346	0.608331	0.108331	0.611875	0.596406	0.620300
19	0.238704	0.899691	0.399691	1.225267	0.603219	0.103219	0.597125	0.639050	0.567258
20	0.207634	0.914149	0.414149	1.269286	0.592539	0.092539	0.600591	0.556960	0.628248
