=== TRAINING REPORT ===

[CONFIG]
data_path: ../Ciphers/Rectangle-64/Database/rect64_R2_r4_s2186055817.npz
model: conv
batch_size: 128
lr: 0.001
epochs: 20
train_split: 0.8
split_seed: 1234
device: cpu

[DATASET METADATA]
key: 954219362930883695974545
seed: 2186055817
rounds: 4
deltas: [0, 1, 2, 16, 4294967297, 65544, 51, 3855]

[DATA SHAPES]
train_size: 52428
test_size: 13108
num_rows: 7
block_size: 64
trainable_parameters: 14081

[SUMMARY]
best_test_acc: 0.998322
best_test_adv: 0.498322
best_epoch: 9
best_epoch_train_acc: 0.998646
best_epoch_train_loss: 0.004364
best_epoch_test_loss: 0.005050
final_train_acc: 0.999256
final_test_acc: 0.998169
final_train_loss: 0.002344
final_test_loss: 0.006152
final_test_adv: 0.498169
max_overfit_gap_train_minus_test_acc: 0.001144
epoch_min_test_loss: 9
min_test_loss: 0.005050

[FINAL CONFUSION COUNTS]
TP: 6510
TN: 6574
FP: 13
FN: 11
precision: 0.998007
recall: 0.998313
specificity: 0.998026

[EPOCH-BY-EPOCH]
epoch	train_loss	train_acc	train_adv	test_loss	test_acc	test_adv	test_precision	test_recall	test_specificity
1	0.075838	0.992409	0.492409	0.016946	0.998169	0.498169	0.998466	0.997853	0.998482
2	0.012825	0.997807	0.497807	0.012466	0.997864	0.497864	0.996939	0.998773	0.996964
3	0.008627	0.998093	0.498093	0.008006	0.997635	0.497635	0.998924	0.996320	0.998937
4	0.007323	0.998169	0.498169	0.008507	0.997101	0.497101	0.999076	0.995093	0.999089
5	0.006753	0.998093	0.498093	0.006373	0.998169	0.498169	0.998466	0.997853	0.998482
6	0.005321	0.998531	0.498531	0.007408	0.997864	0.497864	0.997243	0.998466	0.997267
7	0.004924	0.998589	0.498589	0.005778	0.997635	0.497635	0.998464	0.996780	0.998482
8	0.004479	0.998550	0.498550	0.006219	0.997635	0.497635	0.998617	0.996626	0.998634
9	0.004364	0.998646	0.498646	0.005050	0.998322	0.498322	0.998619	0.998006	0.998634
10	0.004083	0.998627	0.498627	0.006290	0.997788	0.497788	0.998924	0.996626	0.998937
11	0.004054	0.998589	0.498589	0.006206	0.997635	0.497635	0.999077	0.996166	0.999089
12	0.003498	0.998970	0.498970	0.005436	0.998093	0.498093	0.998771	0.997393	0.998785
13	0.003343	0.998875	0.498875	0.007404	0.997788	0.497788	0.996786	0.998773	0.996812
14	0.003429	0.998779	0.498779	0.005650	0.998169	0.498169	0.998160	0.998160	0.998178
15	0.003013	0.999008	0.499008	0.006190	0.997864	0.497864	0.998924	0.996780	0.998937
16	0.003023	0.998932	0.498932	0.005965	0.998016	0.498016	0.999078	0.996933	0.999089
17	0.002755	0.999142	0.499142	0.006012	0.998093	0.498093	0.997397	0.998773	0.997419
18	0.002577	0.999180	0.499180	0.005725	0.998093	0.498093	0.998312	0.997853	0.998330
19	0.002235	0.999294	0.499294	0.006141	0.998169	0.498169	0.998007	0.998313	0.998026
20	0.002344	0.999256	0.499256	0.006152	0.998169	0.498169	0.998007	0.998313	0.998026
