=== TRAINING REPORT ===

[CONFIG]
data_path: ../Ciphers/Rectangle-64/Database/rect64_R2_r5_s930578756.npz
model: conv
batch_size: 128
lr: 0.001
epochs: 20
train_split: 0.8
split_seed: 1234
device: cpu

[DATASET METADATA]
key: 924828901025689211643617
seed: 930578756
rounds: 5
deltas: [0, 1, 2, 16, 4294967297, 65544, 51, 3855]

[DATA SHAPES]
train_size: 52428
test_size: 13108
num_rows: 7
block_size: 64
trainable_parameters: 14081

[SUMMARY]
best_test_acc: 0.904791
best_test_adv: 0.404791
best_epoch: 12
best_epoch_train_acc: 0.910754
best_epoch_train_loss: 0.223799
best_epoch_test_loss: 0.241798
final_train_acc: 0.913977
final_test_acc: 0.902807
final_train_loss: 0.215885
final_test_loss: 0.240208
final_test_adv: 0.402807
max_overfit_gap_train_minus_test_acc: 0.017559
epoch_min_test_loss: 16
min_test_loss: 0.237477

[FINAL CONFUSION COUNTS]
TP: 5736
TN: 6098
FP: 476
FN: 798
precision: 0.923374
recall: 0.877870
specificity: 0.927594

[EPOCH-BY-EPOCH]
epoch	train_loss	train_acc	train_adv	test_loss	test_acc	test_adv	test_precision	test_recall	test_specificity
1	0.304687	0.884260	0.384260	0.276858	0.889457	0.389457	0.957366	0.814509	0.963949
2	0.250210	0.897478	0.397478	0.250054	0.898383	0.398383	0.914568	0.878176	0.918467
3	0.243521	0.901923	0.401923	0.252407	0.895331	0.395331	0.889997	0.901439	0.889261
4	0.238672	0.901999	0.401999	0.245719	0.902045	0.402045	0.928222	0.870830	0.933070
5	0.236901	0.904345	0.404345	0.243291	0.900900	0.400900	0.906760	0.893021	0.908731
6	0.232416	0.906100	0.406100	0.243280	0.901129	0.401129	0.920520	0.877410	0.924703
7	0.231150	0.906672	0.406672	0.243074	0.899298	0.399298	0.916321	0.878176	0.920292
8	0.228545	0.907073	0.407073	0.243396	0.898535	0.398535	0.893765	0.903887	0.893216
9	0.226608	0.908675	0.408675	0.241433	0.901816	0.401816	0.917954	0.881849	0.921661
10	0.225868	0.908694	0.408694	0.241813	0.900595	0.400595	0.904188	0.895470	0.905689
11	0.224685	0.909438	0.409438	0.247552	0.895407	0.395407	0.880472	0.914294	0.876635
12	0.223799	0.910754	0.410754	0.241798	0.904791	0.404791	0.935851	0.868534	0.940828
13	0.222219	0.910945	0.410945	0.239778	0.904257	0.404257	0.931643	0.871901	0.936416
14	0.221378	0.909991	0.409991	0.241465	0.901129	0.401129	0.902551	0.898684	0.903559
15	0.221619	0.910220	0.410220	0.251530	0.892661	0.392661	0.874070	0.916743	0.868725
16	0.219594	0.911955	0.411955	0.237477	0.902655	0.402655	0.916772	0.885063	0.920140
17	0.218151	0.912184	0.412184	0.239233	0.901053	0.401053	0.904652	0.895929	0.906145
18	0.217339	0.912947	0.412947	0.244021	0.904028	0.404028	0.940401	0.862106	0.945695
19	0.216715	0.913291	0.413291	0.244601	0.899146	0.399146	0.898106	0.899755	0.898540
20	0.215885	0.913977	0.413977	0.240208	0.902807	0.402807	0.923374	0.877870	0.927594
