=== TRAINING REPORT ===

[CONFIG]
data_path: ../Ciphers/Rectangle-64/rect64_R2_r7_s2901299599.npz
model: mlp
batch_size: 128
lr: 0.001
epochs: 20
train_split: 0.8
split_seed: 1234
device: cpu

[DATASET METADATA]
key: 339203541805379960912015
seed: 2901299599
rounds: 7
deltas: [0, 1, 2, 16, 4294967297, 65544, 51, 3855]

[DATA SHAPES]
train_size: 52428
test_size: 13108
num_rows: 7
block_size: 64
trainable_parameters: 147969

[SUMMARY]
best_test_acc: 0.546842
best_test_adv: 0.046842
best_epoch: 14
best_epoch_train_acc: 0.630331
best_epoch_train_loss: 0.622466
best_epoch_test_loss: 0.741605
final_train_acc: 0.683452
final_test_acc: 0.534025
final_train_loss: 0.562572
final_test_loss: 0.807253
final_test_adv: 0.034025
max_overfit_gap_train_minus_test_acc: 0.149427
epoch_min_test_loss: 4
min_test_loss: 0.683994

[FINAL CONFUSION COUNTS]
TP: 2874
TN: 4126
FP: 2418
FN: 3690
precision: 0.543084
recall: 0.437843
specificity: 0.630501

[EPOCH-BY-EPOCH]
epoch	train_loss	train_acc	train_adv	test_loss	test_acc	test_adv	test_precision	test_recall	test_specificity
1	0.691843	0.518959	0.018959	0.689709	0.535627	0.035627	0.629128	0.177026	0.895324
2	0.685738	0.542458	0.042458	0.689592	0.530973	0.030973	0.666400	0.126904	0.936278
3	0.681300	0.550050	0.050050	0.702766	0.512969	0.012969	0.509881	0.707495	0.317848
4	0.678888	0.552529	0.052529	0.683994	0.538297	0.038297	0.544584	0.476386	0.600397
5	0.676053	0.555829	0.055829	0.684780	0.539365	0.039365	0.617726	0.210238	0.869499
6	0.673650	0.559682	0.059682	0.684492	0.538221	0.038221	0.553485	0.402803	0.674053
7	0.670662	0.560941	0.060941	0.686310	0.538374	0.038374	0.579142	0.285954	0.791565
8	0.666594	0.573911	0.073911	0.694167	0.540357	0.040357	0.541126	0.540219	0.540495
9	0.660813	0.584077	0.084077	0.701586	0.539442	0.039442	0.538985	0.554997	0.523839
10	0.653655	0.594224	0.094224	0.702634	0.545774	0.045774	0.591592	0.300122	0.792176
11	0.647193	0.602636	0.102636	0.702973	0.534940	0.034940	0.540234	0.478672	0.591381
12	0.638990	0.615492	0.115492	0.708017	0.539365	0.039365	0.586741	0.271024	0.808527
13	0.630149	0.622930	0.122930	0.715945	0.543027	0.043027	0.556854	0.428245	0.658160
14	0.622466	0.630331	0.130331	0.741605	0.546842	0.046842	0.553535	0.491469	0.602384
15	0.612918	0.640249	0.140249	0.736821	0.532804	0.032804	0.535438	0.506399	0.559291
16	0.602860	0.649672	0.149672	0.748844	0.538450	0.038450	0.550097	0.429921	0.647311
17	0.592559	0.658217	0.158217	0.788965	0.533110	0.033110	0.535577	0.509141	0.557152
18	0.581211	0.669833	0.169833	0.800535	0.537229	0.037229	0.549112	0.424132	0.650672
19	0.571650	0.677138	0.177138	0.823098	0.539747	0.039747	0.548369	0.458562	0.621180
20	0.562572	0.683452	0.183452	0.807253	0.534025	0.034025	0.543084	0.437843	0.630501
