=== TRAINING REPORT ===

[CONFIG]
data_path: ../Ciphers/Rectangle-64/rect64_R1_r6_s1521644627.npz
model: mlp
batch_size: 128
lr: 0.001
epochs: 20
train_split: 0.8
split_seed: 1234
device: cpu

[DATASET METADATA]
key: 691981368643606297984270
seed: 1521644627
rounds: 6
delta: 1

[DATA SHAPES]
train_size: 52428
test_size: 13108
num_rows: 1
block_size: 64
trainable_parameters: 49665

[SUMMARY]
best_test_acc: 0.631065
best_test_adv: 0.131065
best_epoch: 5
best_epoch_train_acc: 0.663653
best_epoch_train_loss: 0.603699
best_epoch_test_loss: 0.637530
final_train_acc: 0.809567
final_test_acc: 0.595438
final_train_loss: 0.405489
final_test_loss: 0.861320
final_test_adv: 0.095438
max_overfit_gap_train_minus_test_acc: 0.214130
epoch_min_test_loss: 5
min_test_loss: 0.637530

[FINAL CONFUSION COUNTS]
TP: 3807
TN: 3998
FP: 2544
FN: 2759
precision: 0.599433
recall: 0.579805
specificity: 0.611128

[EPOCH-BY-EPOCH]
epoch	train_loss	train_acc	train_adv	test_loss	test_acc	test_adv	test_precision	test_recall	test_specificity
1	0.676460	0.560883	0.060883	0.661766	0.600320	0.100320	0.691045	0.365519	0.835983
2	0.647509	0.613146	0.113146	0.649886	0.612145	0.112145	0.667647	0.449436	0.775451
3	0.629187	0.638666	0.138666	0.642433	0.622444	0.122444	0.628394	0.602650	0.642311
4	0.615008	0.650835	0.150835	0.652258	0.616189	0.116189	0.614844	0.625800	0.606542
5	0.603699	0.663653	0.163653	0.637530	0.631065	0.131065	0.655576	0.555133	0.707276
6	0.592383	0.675307	0.175307	0.647180	0.626030	0.126030	0.640304	0.578282	0.673953
7	0.582816	0.683318	0.183318	0.652389	0.626564	0.126564	0.670475	0.500457	0.753134
8	0.571850	0.691787	0.191787	0.649140	0.628700	0.128700	0.683517	0.481876	0.776062
9	0.562198	0.701438	0.201438	0.662437	0.628166	0.128166	0.665947	0.517058	0.739682
10	0.550902	0.709697	0.209697	0.676257	0.622521	0.122521	0.662646	0.501980	0.743504
11	0.538704	0.719253	0.219253	0.685422	0.617714	0.117714	0.656786	0.496040	0.739835
12	0.525388	0.729191	0.229191	0.703691	0.610925	0.110925	0.641451	0.506244	0.715989
13	0.512016	0.739433	0.239433	0.712798	0.614129	0.114129	0.658071	0.478069	0.750688
14	0.497002	0.748684	0.248684	0.741650	0.610696	0.110696	0.624088	0.560311	0.661266
15	0.482191	0.759728	0.259728	0.752395	0.604745	0.104745	0.651036	0.454615	0.755426
16	0.466252	0.770352	0.270352	0.784880	0.599634	0.099634	0.615170	0.536095	0.663406
17	0.453040	0.780117	0.280117	0.800107	0.602457	0.102457	0.614076	0.555437	0.649648
18	0.436502	0.790723	0.290723	0.819777	0.602457	0.102457	0.610288	0.570972	0.634057
19	0.419852	0.798924	0.298924	0.854263	0.600702	0.100702	0.606186	0.579044	0.622440
20	0.405489	0.809567	0.309567	0.861320	0.595438	0.095438	0.599433	0.579805	0.611128
