=== TRAINING REPORT ===

[CONFIG]
data_path: ../Ciphers/Rectangle-64/Database/rect64_R1_r5_s930578756.npz
model: resnet
batch_size: 128
lr: 0.001
epochs: 20
train_split: 0.8
split_seed: 1234
device: cpu

[DATASET METADATA]
key: 924828901025689211643617
seed: 930578756
rounds: 5
delta: 1

[DATA SHAPES]
train_size: 52428
test_size: 13108
num_rows: 1
block_size: 64
trainable_parameters: 125121

[SUMMARY]
best_test_acc: 0.754806
best_test_adv: 0.254806
best_epoch: 20
best_epoch_train_acc: 0.767700
best_epoch_train_loss: 0.479380
best_epoch_test_loss: 0.511087
final_train_acc: 0.767700
final_test_acc: 0.754806
final_train_loss: 0.479380
final_test_loss: 0.511087
final_test_adv: 0.254806
max_overfit_gap_train_minus_test_acc: 0.068566
epoch_min_test_loss: 19
min_test_loss: 0.507357

[FINAL CONFUSION COUNTS]
TP: 4437
TN: 5457
FP: 1117
FN: 2097
precision: 0.798884
recall: 0.679063
specificity: 0.830088

[EPOCH-BY-EPOCH]
epoch	train_loss	train_acc	train_adv	test_loss	test_acc	test_adv	test_precision	test_recall	test_specificity
1	0.593788	0.681582	0.181582	0.588700	0.690494	0.190494	0.703466	0.655341	0.725434
2	0.584439	0.689746	0.189746	0.590717	0.693393	0.193393	0.748077	0.580349	0.805750
3	0.581516	0.692779	0.192779	0.582572	0.683705	0.183705	0.674307	0.706918	0.660633
4	0.578431	0.695373	0.195373	0.578372	0.701251	0.201251	0.721564	0.652433	0.749772
5	0.574110	0.698177	0.198177	0.597094	0.699268	0.199268	0.805228	0.523263	0.874201
6	0.571828	0.702659	0.202659	0.581325	0.686832	0.186832	0.674272	0.719161	0.654700
7	0.570087	0.702106	0.202106	0.572965	0.697055	0.197055	0.695380	0.698041	0.696075
8	0.567851	0.705100	0.205100	0.574875	0.687214	0.187214	0.676890	0.712733	0.661850
9	0.565401	0.705768	0.205768	0.565673	0.697437	0.197437	0.686465	0.723447	0.671585
10	0.526115	0.737716	0.237716	0.518905	0.746414	0.246414	0.753394	0.730334	0.762397
11	0.510066	0.748646	0.248646	0.519707	0.749619	0.249619	0.795100	0.670493	0.828263
12	0.506383	0.751888	0.251888	0.523601	0.731919	0.231919	0.714672	0.769360	0.694706
13	0.503344	0.752270	0.252270	0.514693	0.746567	0.246567	0.765192	0.709213	0.783693
14	0.498395	0.755093	0.255093	0.514699	0.745117	0.245117	0.741638	0.749923	0.740341
15	0.494492	0.757763	0.257763	0.515636	0.752594	0.252594	0.808435	0.660086	0.844539
16	0.490903	0.760300	0.260300	0.509511	0.745499	0.245499	0.742567	0.749158	0.741862
17	0.488422	0.761788	0.261788	0.517697	0.753814	0.253814	0.819517	0.649066	0.857925
18	0.485177	0.764858	0.264858	0.558185	0.696292	0.196292	0.648378	0.853688	0.539854
19	0.482354	0.764515	0.264515	0.507357	0.746872	0.246872	0.742900	0.752678	0.741101
20	0.479380	0.767700	0.267700	0.511087	0.754806	0.254806	0.798884	0.679063	0.830088
