=== TRAINING REPORT ===

[CONFIG]
data_path: ../Ciphers/Rectangle-64/rect64_R1_r5_s930578756.npz
model: mlp
batch_size: 128
lr: 0.001
epochs: 20
train_split: 0.8
split_seed: 1234
device: cpu

[DATASET METADATA]
key: 924828901025689211643617
seed: 930578756
rounds: 5
delta: 1

[DATA SHAPES]
train_size: 52428
test_size: 13108
num_rows: 1
block_size: 64
trainable_parameters: 49665

[SUMMARY]
best_test_acc: 0.868859
best_test_adv: 0.368859
best_epoch: 9
best_epoch_train_acc: 0.903639
best_epoch_train_loss: 0.238958
best_epoch_test_loss: 0.324446
final_train_acc: 0.941577
final_test_acc: 0.849634
final_train_loss: 0.148398
final_test_loss: 0.440886
final_test_adv: 0.349634
max_overfit_gap_train_minus_test_acc: 0.091943
epoch_min_test_loss: 6
min_test_loss: 0.313422

[FINAL CONFUSION COUNTS]
TP: 5336
TN: 5801
FP: 773
FN: 1198
precision: 0.873465
recall: 0.816651
specificity: 0.882416

[EPOCH-BY-EPOCH]
epoch	train_loss	train_acc	train_adv	test_loss	test_acc	test_adv	test_precision	test_recall	test_specificity
1	0.464293	0.778153	0.278153	0.386070	0.831782	0.331782	0.895198	0.750383	0.912686
2	0.347118	0.848917	0.348917	0.352480	0.846811	0.346811	0.868807	0.815886	0.877548
3	0.315044	0.866827	0.366827	0.350744	0.849863	0.349863	0.932714	0.753137	0.945999
4	0.294808	0.876307	0.376307	0.318243	0.866494	0.366494	0.900268	0.823385	0.909340
5	0.279611	0.884356	0.384356	0.316506	0.867409	0.367409	0.886899	0.841292	0.893368
6	0.266406	0.891089	0.391089	0.313422	0.867638	0.367638	0.888331	0.840067	0.895041
7	0.257349	0.893435	0.393435	0.344220	0.856347	0.356347	0.941188	0.759259	0.952845
8	0.249261	0.898852	0.398852	0.324439	0.864129	0.364129	0.868164	0.857668	0.870551
9	0.238958	0.903639	0.403639	0.324446	0.868859	0.368859	0.898791	0.830425	0.907058
10	0.230783	0.906577	0.406577	0.333037	0.864510	0.364510	0.891798	0.828742	0.900061
11	0.223672	0.909934	0.409934	0.333404	0.862374	0.362374	0.873854	0.846036	0.878613
12	0.213344	0.913844	0.413844	0.343449	0.862298	0.362298	0.875139	0.844200	0.880286
13	0.206923	0.915808	0.415808	0.357270	0.858941	0.358941	0.869771	0.843281	0.874506
14	0.199801	0.918784	0.418784	0.357278	0.861306	0.361306	0.888212	0.825681	0.896714
15	0.188564	0.924983	0.424983	0.384181	0.853525	0.353525	0.908174	0.785583	0.921053
16	0.179837	0.929084	0.429084	0.388367	0.855127	0.355127	0.889955	0.809458	0.900517
17	0.172439	0.931544	0.431544	0.403182	0.851846	0.351846	0.854102	0.847567	0.856100
18	0.163391	0.934825	0.434825	0.418306	0.851617	0.351617	0.869902	0.825834	0.877244
19	0.157244	0.938239	0.438239	0.414229	0.855203	0.355203	0.872190	0.831344	0.878917
20	0.148398	0.941577	0.441577	0.440886	0.849634	0.349634	0.873465	0.816651	0.882416
