=== TRAINING REPORT ===

[CONFIG]
data_path: ../Ciphers/Rectangle-64/rect64_R1_r5_s3256472714.npz
model: resnet
batch_size: 128
lr: 0.001
epochs: 20
train_split: 0.8
split_seed: 1234
device: cpu

[DATASET METADATA]
key: 700149567382705348308371
seed: 3256472714
rounds: 5
delta: 15

[DATA SHAPES]
train_size: 52428
test_size: 13108
num_rows: 1
block_size: 64
trainable_parameters: 125121

[SUMMARY]
best_test_acc: 0.506561
best_test_adv: 0.006561
best_epoch: 19
best_epoch_train_acc: 0.511158
best_epoch_train_loss: 0.692936
best_epoch_test_loss: 0.693708
final_train_acc: 0.514363
final_test_acc: 0.501221
final_train_loss: 0.692703
final_test_loss: 0.693607
final_test_adv: 0.001221
max_overfit_gap_train_minus_test_acc: 0.018025
epoch_min_test_loss: 2
min_test_loss: 0.693239

[FINAL CONFUSION COUNTS]
TP: 2332
TN: 4238
FP: 2325
FN: 4213
precision: 0.500752
recall: 0.356303
specificity: 0.645741

[EPOCH-BY-EPOCH]
epoch	train_loss	train_acc	train_adv	test_loss	test_acc	test_adv	test_precision	test_recall	test_specificity
1	0.696456	0.503586	0.003586	0.700780	0.501221	0.001221	0.600000	0.003209	0.997867
2	0.694676	0.503491	0.003491	0.693239	0.504501	0.004501	0.503387	0.567762	0.441414
3	0.694596	0.507038	0.007038	0.694677	0.505035	0.005035	0.517389	0.129565	0.879476
4	0.694365	0.505856	0.005856	0.700296	0.500153	0.000153	0.499724	0.966692	0.034893
5	0.693702	0.509613	0.009613	0.696982	0.501297	0.001297	0.500318	0.962414	0.041444
6	0.693590	0.507324	0.007324	0.694137	0.504577	0.004577	0.502287	0.855615	0.154503
7	0.693662	0.507153	0.007153	0.696797	0.499390	-0.000610	0.499351	0.999847	0.000305
8	0.694231	0.508011	0.008011	0.693600	0.503280	0.003280	0.503917	0.334148	0.671949
9	0.693389	0.507839	0.007839	0.695041	0.500687	0.000687	0.500000	0.906188	0.096297
10	0.692932	0.512608	0.012608	0.699041	0.500687	0.000687	0.500000	0.000153	0.999848
11	0.693694	0.506142	0.006142	0.695116	0.502518	0.002518	0.501027	0.894882	0.111230
12	0.693179	0.511463	0.011463	0.698320	0.501068	0.001068	0.631579	0.001833	0.998933
13	0.693184	0.512646	0.012646	0.693326	0.500839	0.000839	0.500157	0.487701	0.513942
14	0.693326	0.507591	0.007591	0.693801	0.505951	0.005951	0.521739	0.126509	0.884352
15	0.693210	0.510719	0.010719	0.693890	0.501297	0.001297	0.500928	0.330023	0.672101
16	0.693125	0.511597	0.011597	0.693514	0.500763	0.000763	0.500068	0.560122	0.441566
17	0.692625	0.516575	0.016575	0.694357	0.498551	-0.001449	0.494939	0.209167	0.787140
18	0.693007	0.512226	0.012226	0.693838	0.504959	0.004959	0.508245	0.263713	0.745543
19	0.692936	0.511158	0.011158	0.693708	0.506561	0.006561	0.511990	0.251184	0.761237
20	0.692703	0.514363	0.014363	0.693607	0.501221	0.001221	0.500752	0.356303	0.645741
