=== TRAINING REPORT ===

[CONFIG]
data_path: ../Ciphers/Rectangle-64/rect64_R2_r5_s3256472714.npz
model: resnet
batch_size: 128
lr: 0.001
epochs: 20
train_split: 0.8
split_seed: 1234
device: cpu

[DATASET METADATA]
key: 700149567382705348308371
seed: 3256472714
rounds: 5
deltas: [0, 15, 128, 32768, 2147483648, 281474976710656, 32896, 72057594037927937]

[DATA SHAPES]
train_size: 52428
test_size: 13108
num_rows: 7
block_size: 64
trainable_parameters: 125505

[SUMMARY]
best_test_acc: 0.940571
best_test_adv: 0.440571
best_epoch: 3
best_epoch_train_acc: 0.933642
best_epoch_train_loss: 0.168723
best_epoch_test_loss: 0.157032
final_train_acc: 0.989929
final_test_acc: 0.922338
final_train_loss: 0.027693
final_test_loss: 0.328929
final_test_adv: 0.422338
max_overfit_gap_train_minus_test_acc: 0.146036
epoch_min_test_loss: 3
min_test_loss: 0.157032

[FINAL CONFUSION COUNTS]
TP: 6049
TN: 6041
FP: 522
FN: 496
precision: 0.920560
recall: 0.924217
specificity: 0.920463

[EPOCH-BY-EPOCH]
epoch	train_loss	train_acc	train_adv	test_loss	test_acc	test_adv	test_precision	test_recall	test_specificity
1	0.212851	0.915064	0.415064	0.183242	0.930729	0.430729	0.949450	0.909702	0.951699
2	0.183837	0.926909	0.426909	0.173253	0.930958	0.430958	0.921525	0.941940	0.920006
3	0.168723	0.933642	0.433642	0.157032	0.940571	0.440571	0.950328	0.929565	0.951547
4	0.158947	0.938048	0.438048	0.197758	0.915243	0.415243	0.878202	0.963942	0.866677
5	0.151739	0.941749	0.441749	0.162847	0.939426	0.439426	0.950070	0.927426	0.951394
6	0.144084	0.945182	0.445182	0.171827	0.934239	0.434239	0.920278	0.950649	0.917873
7	0.135034	0.948005	0.448005	0.165814	0.936298	0.436298	0.931921	0.941176	0.931434
8	0.124654	0.953498	0.453498	0.170496	0.933857	0.433857	0.925510	0.943468	0.924272
9	0.117523	0.955005	0.455005	0.173126	0.932179	0.432179	0.935077	0.928648	0.935700
10	0.105330	0.960288	0.460288	0.207957	0.916005	0.416005	0.885225	0.955691	0.876428
11	0.092674	0.965248	0.465248	0.202780	0.921727	0.421727	0.901148	0.947135	0.896389
12	0.082762	0.968624	0.468624	0.194676	0.930195	0.430195	0.932944	0.926814	0.933567
13	0.068386	0.974460	0.474460	0.224783	0.928898	0.428898	0.936809	0.919633	0.938138
14	0.059932	0.977588	0.477588	0.253766	0.929051	0.429051	0.946272	0.909549	0.948499
15	0.050393	0.980507	0.480507	0.399418	0.887397	0.387397	0.834146	0.966692	0.808319
16	0.045371	0.982795	0.482795	0.284962	0.925313	0.425313	0.938544	0.910008	0.940576
17	0.040452	0.985218	0.485218	0.678660	0.839182	0.339182	0.764013	0.980901	0.697852
18	0.033209	0.987926	0.487926	0.311105	0.926381	0.426381	0.937991	0.912911	0.939814
19	0.030572	0.988346	0.488346	0.376938	0.923787	0.423787	0.961859	0.882353	0.965107
20	0.027693	0.989929	0.489929	0.328929	0.922338	0.422338	0.920560	0.924217	0.920463
