=== TRAINING REPORT ===

[CONFIG]
data_path: ../Ciphers/Rectangle-64/rect64_R1_r5_s3256472714.npz
model: conv
batch_size: 128
lr: 0.001
epochs: 20
train_split: 0.8
split_seed: 1234
device: cpu

[DATASET METADATA]
key: 700149567382705348308371
seed: 3256472714
rounds: 5
delta: 15

[DATA SHAPES]
train_size: 52428
test_size: 13108
num_rows: 1
block_size: 64
trainable_parameters: 12929

[SUMMARY]
best_test_acc: 0.509078
best_test_adv: 0.009078
best_epoch: 3
best_epoch_train_acc: 0.507553
best_epoch_train_loss: 0.693252
best_epoch_test_loss: 0.693513
final_train_acc: 0.512303
final_test_acc: 0.506332
final_train_loss: 0.692795
final_test_loss: 0.693219
final_test_adv: 0.006332
max_overfit_gap_train_minus_test_acc: 0.010453
epoch_min_test_loss: 11
min_test_loss: 0.693062

[FINAL CONFUSION COUNTS]
TP: 4289
TN: 2348
FP: 4215
FN: 2256
precision: 0.504351
recall: 0.655309
specificity: 0.357763

[EPOCH-BY-EPOCH]
epoch	train_loss	train_acc	train_adv	test_loss	test_acc	test_adv	test_precision	test_recall	test_specificity
1	0.693460	0.507343	0.007343	0.695305	0.503357	0.003357	0.510917	0.125134	0.880542
2	0.693342	0.506371	0.006371	0.693180	0.506408	0.006408	0.509359	0.311841	0.700442
3	0.693252	0.507553	0.007553	0.693513	0.509078	0.009078	0.518236	0.238808	0.778607
4	0.692953	0.511406	0.011406	0.693266	0.506179	0.006179	0.503664	0.756150	0.256895
5	0.692988	0.510891	0.010891	0.693736	0.503967	0.003967	0.501766	0.933537	0.075575
6	0.693313	0.506332	0.006332	0.693081	0.502289	0.002289	0.501678	0.479756	0.524760
7	0.693011	0.509213	0.009213	0.693294	0.506561	0.006561	0.503584	0.826432	0.187567
8	0.693074	0.510414	0.010414	0.693090	0.504501	0.004501	0.504065	0.473644	0.535274
9	0.693038	0.511521	0.011521	0.694619	0.501068	0.001068	0.500202	0.946066	0.057291
10	0.692838	0.510376	0.010376	0.693193	0.503433	0.003433	0.502329	0.593125	0.413988
11	0.692907	0.510376	0.010376	0.693062	0.501984	0.001984	0.501303	0.499465	0.504495
12	0.692885	0.510319	0.010319	0.694908	0.500915	0.000915	0.500118	0.972040	0.031083
13	0.693054	0.507916	0.007916	0.693401	0.506027	0.006027	0.503612	0.745607	0.267103
14	0.693022	0.507172	0.007172	0.693164	0.502365	0.002365	0.502039	0.413904	0.590584
15	0.692879	0.510357	0.010357	0.693519	0.505264	0.005264	0.502811	0.819862	0.191528
16	0.692887	0.510948	0.010948	0.693143	0.506027	0.006027	0.507091	0.382429	0.629285
17	0.692818	0.508869	0.008869	0.693239	0.504425	0.004425	0.504293	0.439725	0.568947
18	0.692919	0.509155	0.009155	0.693149	0.505111	0.005111	0.504336	0.515355	0.494896
19	0.692811	0.509632	0.009632	0.693838	0.503509	0.003509	0.501611	0.879908	0.128143
20	0.692795	0.512303	0.012303	0.693219	0.506332	0.006332	0.504351	0.655309	0.357763
