=== TRAINING REPORT ===

[CONFIG]
data_path: ../Ciphers/Rectangle-64/rect64_R1_r5_s3256472714.npz
model: mlp
batch_size: 128
lr: 0.001
epochs: 20
train_split: 0.8
split_seed: 1234
device: cpu

[DATASET METADATA]
key: 700149567382705348308371
seed: 3256472714
rounds: 5
delta: 15

[DATA SHAPES]
train_size: 52428
test_size: 13108
num_rows: 1
block_size: 64
trainable_parameters: 49665

[SUMMARY]
best_test_acc: 0.559963
best_test_adv: 0.059963
best_epoch: 5
best_epoch_train_acc: 0.585126
best_epoch_train_loss: 0.665251
best_epoch_test_loss: 0.683344
final_train_acc: 0.775120
final_test_acc: 0.527083
final_train_loss: 0.460446
final_test_loss: 0.922330
final_test_adv: 0.027083
max_overfit_gap_train_minus_test_acc: 0.248037
epoch_min_test_loss: 3
min_test_loss: 0.680022

[FINAL CONFUSION COUNTS]
TP: 3506
TN: 3403
FP: 3160
FN: 3039
precision: 0.525953
recall: 0.535676
specificity: 0.518513

[EPOCH-BY-EPOCH]
epoch	train_loss	train_acc	train_adv	test_loss	test_acc	test_adv	test_precision	test_recall	test_specificity
1	0.692274	0.512837	0.012837	0.689519	0.523573	0.023573	0.526901	0.448892	0.598050
2	0.682656	0.549191	0.049191	0.683952	0.550809	0.050809	0.553563	0.518717	0.582813
3	0.675940	0.565537	0.065537	0.680022	0.558666	0.058666	0.562173	0.524981	0.592260
4	0.670888	0.575055	0.075055	0.681824	0.557446	0.057446	0.602592	0.333843	0.780436
5	0.665251	0.585126	0.085126	0.683344	0.559963	0.059963	0.596522	0.366845	0.752552
6	0.658474	0.595636	0.095636	0.687840	0.554928	0.054928	0.573740	0.422613	0.686881
7	0.650707	0.607061	0.107061	0.695589	0.554394	0.054394	0.587649	0.360581	0.747676
8	0.642727	0.618830	0.118830	0.699417	0.553326	0.053326	0.547850	0.603514	0.503276
9	0.632479	0.631228	0.131228	0.703398	0.554165	0.054165	0.564823	0.466616	0.641475
10	0.621800	0.643854	0.143854	0.707574	0.547223	0.047223	0.548613	0.525898	0.568490
11	0.609533	0.656214	0.156214	0.725812	0.548215	0.048215	0.548437	0.538885	0.557519
12	0.595765	0.667639	0.167639	0.750217	0.541501	0.041501	0.537766	0.581971	0.501143
13	0.581586	0.683528	0.183528	0.755095	0.542188	0.042188	0.547803	0.476241	0.607954
14	0.566502	0.692416	0.192416	0.774131	0.541273	0.041273	0.548223	0.462032	0.620296
15	0.550559	0.709621	0.209621	0.794477	0.538831	0.038831	0.541064	0.503285	0.574280
16	0.533930	0.722267	0.222267	0.793598	0.529066	0.029066	0.528156	0.533079	0.525065
17	0.514184	0.738174	0.238174	0.833927	0.532957	0.032957	0.532624	0.527578	0.538321
18	0.496675	0.750954	0.250954	0.866590	0.532042	0.032042	0.535255	0.476700	0.587231
19	0.478152	0.764992	0.264992	0.889037	0.530363	0.030363	0.531859	0.496104	0.564528
20	0.460446	0.775120	0.275120	0.922330	0.527083	0.027083	0.525953	0.535676	0.518513
