=== TRAINING REPORT ===

[CONFIG]
data_path: ../Ciphers/Rectangle-64/rect64_R2_r5_s3256472714.npz
model: conv
batch_size: 128
lr: 0.001
epochs: 20
train_split: 0.8
split_seed: 1234
device: cpu

[DATASET METADATA]
key: 700149567382705348308371
seed: 3256472714
rounds: 5
deltas: [0, 15, 128, 32768, 2147483648, 281474976710656, 32896, 72057594037927937]

[DATA SHAPES]
train_size: 52428
test_size: 13108
num_rows: 7
block_size: 64
trainable_parameters: 14081

[SUMMARY]
best_test_acc: 0.937901
best_test_adv: 0.437901
best_epoch: 18
best_epoch_train_acc: 0.936198
best_epoch_train_loss: 0.163816
best_epoch_test_loss: 0.167284
final_train_acc: 0.936351
final_test_acc: 0.935536
final_train_loss: 0.163114
final_test_loss: 0.172748
final_test_adv: 0.435536
max_overfit_gap_train_minus_test_acc: 0.003123
epoch_min_test_loss: 18
min_test_loss: 0.167284

[FINAL CONFUSION COUNTS]
TP: 5966
TN: 6297
FP: 266
FN: 579
precision: 0.957317
recall: 0.911536
specificity: 0.959470

[EPOCH-BY-EPOCH]
epoch	train_loss	train_acc	train_adv	test_loss	test_acc	test_adv	test_precision	test_recall	test_specificity
1	0.301417	0.882620	0.382620	0.224839	0.909063	0.409063	0.898585	0.921925	0.896236
2	0.204630	0.918898	0.418898	0.183006	0.933476	0.433476	0.954786	0.909855	0.957032
3	0.189891	0.926089	0.426089	0.178937	0.931569	0.431569	0.960986	0.899465	0.963584
4	0.183652	0.928283	0.428283	0.177386	0.933247	0.433247	0.962631	0.901299	0.965107
5	0.179690	0.929828	0.429828	0.176483	0.931797	0.431797	0.930651	0.932926	0.930672
6	0.177880	0.929675	0.429675	0.172336	0.934010	0.434010	0.951798	0.914133	0.953832
7	0.176411	0.930400	0.430400	0.172208	0.934239	0.434239	0.936549	0.931398	0.937071
8	0.173256	0.931907	0.431907	0.173730	0.933094	0.433094	0.946299	0.918105	0.948042
9	0.174342	0.931792	0.431792	0.179302	0.928670	0.428670	0.919659	0.939190	0.918178
10	0.173010	0.932250	0.432250	0.169110	0.935459	0.435459	0.943778	0.925898	0.944995
11	0.170972	0.931792	0.431792	0.169151	0.935993	0.435993	0.945225	0.925439	0.946518
12	0.170077	0.933223	0.433223	0.171775	0.935307	0.435307	0.959955	0.908327	0.962212
13	0.169416	0.933223	0.433223	0.178479	0.934162	0.434162	0.973342	0.892590	0.975621
14	0.167607	0.934539	0.434539	0.168574	0.935307	0.435307	0.940876	0.928801	0.941795
15	0.167628	0.934787	0.434787	0.172107	0.935993	0.435993	0.947459	0.922995	0.948956
16	0.166191	0.934653	0.434653	0.171421	0.933552	0.433552	0.934323	0.932468	0.934634
17	0.165773	0.935779	0.435779	0.180334	0.933399	0.433399	0.972509	0.891826	0.974859
18	0.163816	0.936198	0.436198	0.167284	0.937901	0.437901	0.956072	0.917800	0.957946
19	0.162930	0.936179	0.436179	0.169027	0.935078	0.435078	0.951905	0.916272	0.953832
20	0.163114	0.936351	0.436351	0.172748	0.935536	0.435536	0.957317	0.911536	0.959470
