=== TRAINING REPORT ===

[CONFIG]
data_path: ../Ciphers/Rectangle-64/rect64_R2_r5_s3256472714.npz
model: mlp
batch_size: 128
lr: 0.001
epochs: 20
train_split: 0.8
split_seed: 1234
device: cpu

[DATASET METADATA]
key: 700149567382705348308371
seed: 3256472714
rounds: 5
deltas: [0, 15, 128, 32768, 2147483648, 281474976710656, 32896, 72057594037927937]

[DATA SHAPES]
train_size: 52428
test_size: 13108
num_rows: 7
block_size: 64
trainable_parameters: 147969

[SUMMARY]
best_test_acc: 0.949802
best_test_adv: 0.449802
best_epoch: 6
best_epoch_train_acc: 0.977474
best_epoch_train_loss: 0.062299
best_epoch_test_loss: 0.148823
final_train_acc: 0.995251
final_test_acc: 0.948581
final_train_loss: 0.012482
final_test_loss: 0.254162
final_test_adv: 0.448581
max_overfit_gap_train_minus_test_acc: 0.051647
epoch_min_test_loss: 6
min_test_loss: 0.148823

[FINAL CONFUSION COUNTS]
TP: 6079
TN: 6355
FP: 208
FN: 466
precision: 0.966916
recall: 0.928801
specificity: 0.968307

[EPOCH-BY-EPOCH]
epoch	train_loss	train_acc	train_adv	test_loss	test_acc	test_adv	test_precision	test_recall	test_specificity
1	0.311174	0.866865	0.366865	0.259962	0.892203	0.392203	0.934179	0.843545	0.940728
2	0.216451	0.913539	0.413539	0.175004	0.930882	0.430882	0.950184	0.909244	0.952461
3	0.144722	0.944553	0.444553	0.153354	0.943164	0.443164	0.972313	0.912147	0.974097
4	0.108318	0.959277	0.459277	0.157114	0.940876	0.440876	0.973883	0.905882	0.975773
5	0.083052	0.969902	0.469902	0.155293	0.945301	0.445301	0.975988	0.912911	0.977602
6	0.062299	0.977474	0.477474	0.148823	0.949802	0.449802	0.970584	0.927578	0.971964
7	0.047334	0.982300	0.482300	0.165200	0.949268	0.449268	0.959231	0.938273	0.960232
8	0.033407	0.988384	0.488384	0.182719	0.947818	0.447818	0.956251	0.938426	0.957184
9	0.034129	0.987736	0.487736	0.188771	0.949496	0.449496	0.965501	0.932162	0.966783
10	0.023331	0.991684	0.491684	0.229789	0.940037	0.440037	0.928944	0.952788	0.927320
11	0.019068	0.992943	0.492943	0.223424	0.942325	0.442325	0.932079	0.954011	0.930672
12	0.019373	0.992905	0.492905	0.236309	0.941944	0.441944	0.934104	0.950802	0.933110
13	0.020368	0.992180	0.492180	0.223121	0.948734	0.448734	0.958613	0.937815	0.959622
14	0.013944	0.994469	0.494469	0.237241	0.946979	0.446979	0.953488	0.939649	0.954289
15	0.013641	0.995079	0.495079	0.251166	0.949802	0.449802	0.966556	0.931704	0.967850
16	0.016249	0.994182	0.494182	0.238552	0.946674	0.446674	0.951917	0.940718	0.952613
17	0.012576	0.995556	0.495556	0.250053	0.948123	0.448123	0.950115	0.945760	0.950480
18	0.013016	0.995460	0.495460	0.249232	0.949573	0.449573	0.955700	0.942704	0.956422
19	0.009662	0.996548	0.496548	0.267087	0.947513	0.447513	0.958797	0.935065	0.959927
20	0.012482	0.995251	0.495251	0.254162	0.948581	0.448581	0.966916	0.928801	0.968307
