=== TRAINING REPORT ===

[CONFIG]
data_path: ../Ciphers/Speck-64/Database/speck64_R2_r5_s2078877062.npz
model: logreg
batch_size: 128
lr: 0.001
epochs: 20
train_split: 0.8
split_seed: 1234
device: cpu

[DATASET METADATA]
key: 132700422768683919029096291343433878185
seed: 2078877062
rounds: 5
deltas: [0, 1, 2, 16, 4294967297, 65544, 51, 3855]

[DATA SHAPES]
train_size: 52428
test_size: 13108
num_rows: 7
block_size: 64
trainable_parameters: 449

[SUMMARY]
best_test_acc: 0.684086
best_test_adv: 0.184086
best_epoch: 15
best_epoch_train_acc: 0.681353
best_epoch_train_loss: 0.598473
best_epoch_test_loss: 0.603889
final_train_acc: 0.679961
final_test_acc: 0.681263
final_train_loss: 0.599886
final_test_loss: 0.601527
final_test_adv: 0.181263
max_overfit_gap_train_minus_test_acc: 0.020593
epoch_min_test_loss: 19
min_test_loss: 0.601309

[FINAL CONFUSION COUNTS]
TP: 4317
TN: 4613
FP: 1924
FN: 2254
precision: 0.691716
recall: 0.656978
specificity: 0.705675

[EPOCH-BY-EPOCH]
epoch	train_loss	train_acc	train_adv	test_loss	test_acc	test_adv	test_precision	test_recall	test_specificity
1	0.655355	0.617742	0.117742	0.627069	0.640754	0.140754	0.613205	0.767463	0.513385
2	0.611774	0.676280	0.176280	0.606143	0.682789	0.182789	0.701925	0.638259	0.727551
3	0.602393	0.680304	0.180304	0.601780	0.679661	0.179661	0.678722	0.685436	0.673857
4	0.599860	0.680495	0.180495	0.607631	0.659902	0.159902	0.635675	0.753310	0.566009
5	0.599359	0.681792	0.181792	0.608470	0.683247	0.183247	0.736184	0.573733	0.793330
6	0.599231	0.681449	0.181449	0.607402	0.683933	0.183933	0.730536	0.585451	0.782928
7	0.599171	0.681106	0.181106	0.603620	0.670812	0.170812	0.657059	0.718156	0.623222
8	0.598616	0.682002	0.182002	0.601652	0.677678	0.177678	0.675389	0.687414	0.667890
9	0.598296	0.681239	0.181239	0.605615	0.664327	0.164327	0.645451	0.733070	0.595227
10	0.599457	0.681544	0.181544	0.601681	0.677373	0.177373	0.671249	0.698524	0.656111
11	0.598677	0.680476	0.180476	0.601433	0.679509	0.179509	0.683892	0.670674	0.688389
12	0.599152	0.681754	0.181754	0.601640	0.680806	0.180806	0.688755	0.662761	0.698944
13	0.598728	0.682307	0.182307	0.601864	0.681950	0.181950	0.695221	0.650890	0.713171
14	0.598774	0.681601	0.181601	0.601428	0.680958	0.180958	0.687667	0.666109	0.695885
15	0.598473	0.681353	0.181353	0.603889	0.684086	0.184086	0.712338	0.620301	0.748203
16	0.598982	0.682479	0.182479	0.603025	0.683399	0.183399	0.708384	0.626236	0.740860
17	0.599086	0.681296	0.181296	0.601519	0.682408	0.182408	0.693507	0.656673	0.708276
18	0.598952	0.681125	0.181125	0.601384	0.679890	0.179890	0.686158	0.666109	0.693743
19	0.598943	0.681601	0.181601	0.601309	0.678822	0.178822	0.681699	0.674022	0.683647
20	0.599886	0.679961	0.179961	0.601527	0.681263	0.181263	0.691716	0.656978	0.705675
