=== TRAINING REPORT ===

[CONFIG]
data_path: ../Ciphers/Speck-64/Database/speck64_R1_r5_s2078877062.npz
model: logreg
batch_size: 128
lr: 0.001
epochs: 20
train_split: 0.8
split_seed: 1234
device: cpu

[DATASET METADATA]
key: 132700422768683919029096291343433878185
seed: 2078877062
rounds: 5
delta: 1

[DATA SHAPES]
train_size: 52428
test_size: 13108
num_rows: 1
block_size: 64
trainable_parameters: 65

[SUMMARY]
best_test_acc: 0.641745
best_test_adv: 0.141745
best_epoch: 4
best_epoch_train_acc: 0.632296
best_epoch_train_loss: 0.658020
best_epoch_test_loss: 0.654405
final_train_acc: 0.632677
final_test_acc: 0.638770
final_train_loss: 0.656806
final_test_loss: 0.652925
final_test_adv: 0.138770
max_overfit_gap_train_minus_test_acc: 0.005007
epoch_min_test_loss: 20
min_test_loss: 0.652925

[FINAL CONFUSION COUNTS]
TP: 4419
TN: 3954
FP: 2583
FN: 2152
precision: 0.631105
recall: 0.672500
specificity: 0.604865

[EPOCH-BY-EPOCH]
epoch	train_loss	train_acc	train_adv	test_loss	test_acc	test_adv	test_precision	test_recall	test_specificity
1	0.682600	0.567941	0.067941	0.667499	0.607644	0.107644	0.597011	0.668696	0.546275
2	0.664025	0.621004	0.121004	0.657779	0.637168	0.137168	0.639551	0.632933	0.641426
3	0.659162	0.627718	0.127718	0.655181	0.640906	0.140906	0.642290	0.640237	0.641579
4	0.658020	0.632296	0.132296	0.654405	0.641745	0.141745	0.642542	0.643129	0.640355
5	0.657681	0.632544	0.132544	0.653749	0.637855	0.137855	0.632443	0.662761	0.612819
6	0.657331	0.632658	0.132658	0.653591	0.638923	0.138923	0.634396	0.660173	0.617562
7	0.657212	0.633211	0.133211	0.653583	0.639686	0.139686	0.635922	0.657891	0.621386
8	0.657228	0.632334	0.132334	0.653270	0.638541	0.138541	0.631549	0.669609	0.607312
9	0.657309	0.632105	0.132105	0.653352	0.635108	0.135108	0.624167	0.683914	0.586049
10	0.657215	0.633097	0.133097	0.653973	0.628090	0.128090	0.612916	0.700502	0.555301
11	0.657107	0.633268	0.133268	0.653323	0.636176	0.136176	0.625979	0.681327	0.590791
12	0.656994	0.632105	0.132105	0.653204	0.638007	0.138007	0.629687	0.674631	0.601193
13	0.657072	0.634451	0.134451	0.653130	0.637778	0.137778	0.629677	0.673566	0.601805
14	0.657011	0.633917	0.133917	0.653455	0.631599	0.131599	0.617926	0.694567	0.568304
15	0.656827	0.632792	0.132792	0.653105	0.635337	0.135337	0.624151	0.685132	0.585284
16	0.656850	0.632525	0.132525	0.653132	0.635185	0.135185	0.623806	0.685893	0.584213
17	0.656717	0.632753	0.132753	0.653825	0.629310	0.129310	0.613468	0.704307	0.553924
18	0.656964	0.633688	0.133688	0.653206	0.632133	0.132133	0.618641	0.693958	0.569986
19	0.656757	0.632753	0.132753	0.653638	0.641745	0.141745	0.641168	0.647999	0.635460
20	0.656806	0.632677	0.132677	0.652925	0.638770	0.138770	0.631105	0.672500	0.604865
