=== TRAINING REPORT ===

[CONFIG]
data_path: ../Ciphers/Present-64/present64_R2_r5_s2269429834.npz
model: resnet
batch_size: 128
lr: 0.001
epochs: 20
train_split: 0.8
split_seed: 1234
device: cpu

[DATASET METADATA]
key: 295703296438627371161544
seed: 2269429834
rounds: 5
deltas: [0, 15, 128, 32768, 2147483648, 281474976710656, 32896, 72057594037927937]

[DATA SHAPES]
train_size: 52428
test_size: 13108
num_rows: 7
block_size: 64
trainable_parameters: 125505

[SUMMARY]
best_test_acc: 0.761443
best_test_adv: 0.261443
best_epoch: 3
best_epoch_train_acc: 0.759766
best_epoch_train_loss: 0.488706
best_epoch_test_loss: 0.490043
final_train_acc: 0.957370
final_test_acc: 0.716585
final_train_loss: 0.111209
final_test_loss: 1.171142
final_test_adv: 0.216585
max_overfit_gap_train_minus_test_acc: 0.271567
epoch_min_test_loss: 3
min_test_loss: 0.490043

[FINAL CONFUSION COUNTS]
TP: 4972
TN: 4421
FP: 2093
FN: 1622
precision: 0.703751
recall: 0.754019
specificity: 0.678692

[EPOCH-BY-EPOCH]
epoch	train_loss	train_acc	train_adv	test_loss	test_acc	test_adv	test_precision	test_recall	test_specificity
1	0.516091	0.740768	0.240768	0.585753	0.686832	0.186832	0.634876	0.888383	0.482806
2	0.496828	0.752747	0.252747	0.500200	0.758163	0.258163	0.803869	0.686837	0.830365
3	0.488706	0.759766	0.259766	0.490043	0.761443	0.261443	0.789834	0.716409	0.807031
4	0.477379	0.768864	0.268864	0.558345	0.722307	0.222307	0.904215	0.501062	0.946270
5	0.465806	0.775006	0.275006	0.615173	0.699344	0.199344	0.645881	0.890658	0.505680
6	0.453947	0.783112	0.283112	0.511649	0.741227	0.241227	0.710215	0.820291	0.661191
7	0.440490	0.788148	0.288148	0.507270	0.747635	0.247635	0.723416	0.806794	0.687749
8	0.423540	0.799859	0.299859	0.502385	0.750458	0.250458	0.742661	0.771156	0.729506
9	0.405376	0.810998	0.310998	0.551112	0.743210	0.243210	0.864005	0.580983	0.907430
10	0.382024	0.826009	0.326009	0.543088	0.736649	0.236649	0.718985	0.782226	0.690513
11	0.358397	0.838884	0.338884	0.556225	0.731614	0.231614	0.719526	0.764483	0.698342
12	0.330468	0.855306	0.355306	0.578350	0.734056	0.234056	0.744570	0.717470	0.750844
13	0.301512	0.869459	0.369459	0.661910	0.732835	0.232835	0.721617	0.763421	0.701873
14	0.268382	0.885443	0.385443	0.695651	0.715365	0.215365	0.705882	0.744313	0.686061
15	0.236265	0.900511	0.400511	0.906337	0.709567	0.209567	0.840293	0.521838	0.899601
16	0.200814	0.918879	0.418879	0.882764	0.689197	0.189197	0.655020	0.807401	0.569543
17	0.172983	0.929637	0.429637	0.947913	0.696369	0.196369	0.668428	0.786624	0.605005
18	0.144460	0.942550	0.442550	1.004928	0.693088	0.193088	0.665423	0.784198	0.600860
19	0.122049	0.951915	0.451915	1.131712	0.680348	0.180348	0.649913	0.790264	0.569082
20	0.111209	0.957370	0.457370	1.171142	0.716585	0.216585	0.703751	0.754019	0.678692
