=== TRAINING REPORT ===

[CONFIG]
data_path: ../Ciphers/Present-64/present64_R2_r5_s2269429834.npz
model: conv
batch_size: 128
lr: 0.001
epochs: 20
train_split: 0.8
split_seed: 1234
device: cpu

[DATASET METADATA]
key: 295703296438627371161544
seed: 2269429834
rounds: 5
deltas: [0, 15, 128, 32768, 2147483648, 281474976710656, 32896, 72057594037927937]

[DATA SHAPES]
train_size: 52428
test_size: 13108
num_rows: 7
block_size: 64
trainable_parameters: 14081

[SUMMARY]
best_test_acc: 0.751907
best_test_adv: 0.251907
best_epoch: 11
best_epoch_train_acc: 0.758717
best_epoch_train_loss: 0.492006
best_epoch_test_loss: 0.504889
final_train_acc: 0.764858
final_test_acc: 0.734818
final_train_loss: 0.481524
final_test_loss: 0.514091
final_test_adv: 0.234818
max_overfit_gap_train_minus_test_acc: 0.054605
epoch_min_test_loss: 9
min_test_loss: 0.502771

[FINAL CONFUSION COUNTS]
TP: 5145
TN: 4487
FP: 2027
FN: 1449
precision: 0.717373
recall: 0.780255
specificity: 0.688824

[EPOCH-BY-EPOCH]
epoch	train_loss	train_acc	train_adv	test_loss	test_acc	test_adv	test_precision	test_recall	test_specificity
1	0.534406	0.730201	0.230201	0.512573	0.745728	0.245728	0.753065	0.735820	0.755757
2	0.510786	0.743248	0.243248	0.509798	0.749161	0.249161	0.778096	0.701395	0.797513
3	0.507081	0.746014	0.246014	0.510027	0.749161	0.249161	0.799674	0.668941	0.830365
4	0.503996	0.748970	0.248970	0.508767	0.750763	0.250763	0.800108	0.672581	0.829905
5	0.500814	0.751869	0.251869	0.514925	0.748398	0.248398	0.819876	0.640582	0.857538
6	0.499629	0.752079	0.252079	0.506559	0.744736	0.244736	0.750772	0.737337	0.752226
7	0.496402	0.754311	0.254311	0.513524	0.749847	0.249847	0.822659	0.640886	0.860147
8	0.495330	0.755818	0.255818	0.517449	0.748245	0.248245	0.835711	0.621777	0.876267
9	0.494448	0.756695	0.256695	0.502771	0.748856	0.248856	0.758940	0.733849	0.764047
10	0.492433	0.756085	0.256085	0.547960	0.701480	0.201480	0.654453	0.861389	0.539607
11	0.492006	0.758717	0.258717	0.504889	0.751907	0.251907	0.792133	0.687140	0.817470
12	0.490043	0.758240	0.258240	0.505292	0.747635	0.247635	0.750076	0.747346	0.747928
13	0.489562	0.760109	0.260109	0.507119	0.744278	0.244278	0.746053	0.745375	0.743169
14	0.487966	0.759518	0.259518	0.505720	0.748093	0.248093	0.770279	0.711404	0.785232
15	0.486551	0.760719	0.260719	0.519379	0.745880	0.245880	0.826757	0.626024	0.867209
16	0.484861	0.762493	0.262493	0.534437	0.739701	0.239701	0.857528	0.578708	0.902671
17	0.484002	0.761997	0.261997	0.507156	0.750305	0.250305	0.789437	0.686837	0.814553
18	0.483111	0.763008	0.263008	0.506557	0.747940	0.247940	0.752766	0.742948	0.752994
19	0.482431	0.763046	0.263046	0.507338	0.750839	0.250839	0.783959	0.696694	0.805649
20	0.481524	0.764858	0.264858	0.514091	0.734818	0.234818	0.717373	0.780255	0.688824
