=== TRAINING REPORT ===

[CONFIG]
data_path: ../Ciphers/Present-64/present64_R1_r5_s2269429834.npz
model: mlp
batch_size: 128
lr: 0.001
epochs: 20
train_split: 0.8
split_seed: 1234
device: cpu

[DATASET METADATA]
key: 295703296438627371161544
seed: 2269429834
rounds: 5
delta: 15

[DATA SHAPES]
train_size: 52428
test_size: 13108
num_rows: 1
block_size: 64
trainable_parameters: 49665

[SUMMARY]
best_test_acc: 0.762359
best_test_adv: 0.262359
best_epoch: 7
best_epoch_train_acc: 0.785897
best_epoch_train_loss: 0.441506
best_epoch_test_loss: 0.494099
final_train_acc: 0.870737
final_test_acc: 0.733750
final_train_loss: 0.290108
final_test_loss: 0.697638
final_test_adv: 0.233750
max_overfit_gap_train_minus_test_acc: 0.136987
epoch_min_test_loss: 5
min_test_loss: 0.487486

[FINAL CONFUSION COUNTS]
TP: 4480
TN: 5138
FP: 1376
FN: 2114
precision: 0.765027
recall: 0.679406
specificity: 0.788763

[EPOCH-BY-EPOCH]
epoch	train_loss	train_acc	train_adv	test_loss	test_acc	test_adv	test_precision	test_recall	test_specificity
1	0.563706	0.698539	0.198539	0.538009	0.716585	0.216585	0.741001	0.671216	0.762512
2	0.514763	0.735466	0.235466	0.516621	0.733903	0.233903	0.869410	0.554292	0.915720
3	0.493138	0.750839	0.250839	0.499830	0.748398	0.248398	0.845203	0.611920	0.886552
4	0.476776	0.761921	0.261921	0.492660	0.756027	0.256027	0.823552	0.655444	0.857845
5	0.462879	0.771229	0.271229	0.487486	0.759384	0.259384	0.864561	0.618593	0.901904
6	0.451127	0.778573	0.278573	0.491182	0.760833	0.260833	0.822969	0.668335	0.854467
7	0.441506	0.785897	0.285897	0.494099	0.762359	0.262359	0.854205	0.636184	0.890083
8	0.430145	0.791676	0.291676	0.495429	0.758392	0.258392	0.851920	0.629057	0.889315
9	0.419106	0.798161	0.298161	0.497329	0.761520	0.261520	0.848473	0.640279	0.884249
10	0.407011	0.806668	0.306668	0.509912	0.752441	0.252441	0.802093	0.674249	0.831593
11	0.395738	0.812619	0.312619	0.509576	0.753204	0.253204	0.799964	0.679254	0.828063
12	0.383311	0.820516	0.320516	0.521856	0.753662	0.253662	0.818474	0.655748	0.852779
13	0.370708	0.825399	0.325399	0.539574	0.751984	0.251984	0.831581	0.635729	0.869665
14	0.360410	0.832876	0.332876	0.552518	0.748474	0.248474	0.816350	0.645132	0.853086
15	0.347853	0.837186	0.337186	0.577833	0.744965	0.244965	0.788363	0.673946	0.816856
16	0.336112	0.845293	0.345293	0.601303	0.746109	0.246109	0.807533	0.650288	0.843107
17	0.323268	0.852979	0.352979	0.622977	0.745117	0.245117	0.805102	0.650895	0.840497
18	0.311781	0.858492	0.358492	0.617654	0.735810	0.235810	0.778113	0.664240	0.808259
19	0.303569	0.863203	0.363203	0.676567	0.736421	0.236421	0.764537	0.687898	0.785539
20	0.290108	0.870737	0.370737	0.697638	0.733750	0.233750	0.765027	0.679406	0.788763
