=== TRAINING REPORT ===

[CONFIG]
data_path: ../Ciphers/Present-64/present64_R1_r5_s2269429834.npz
model: conv
batch_size: 128
lr: 0.001
epochs: 20
train_split: 0.8
split_seed: 1234
device: cpu

[DATASET METADATA]
key: 295703296438627371161544
seed: 2269429834
rounds: 5
delta: 15

[DATA SHAPES]
train_size: 52428
test_size: 13108
num_rows: 1
block_size: 64
trainable_parameters: 12929

[SUMMARY]
best_test_acc: 0.675084
best_test_adv: 0.175084
best_epoch: 8
best_epoch_train_acc: 0.670558
best_epoch_train_loss: 0.592683
best_epoch_test_loss: 0.595889
final_train_acc: 0.672484
final_test_acc: 0.672566
final_train_loss: 0.591585
final_test_loss: 0.593824
final_test_adv: 0.172566
max_overfit_gap_train_minus_test_acc: 0.007356
epoch_min_test_loss: 18
min_test_loss: 0.593371

[FINAL CONFUSION COUNTS]
TP: 3970
TN: 4846
FP: 1668
FN: 2624
precision: 0.704150
recall: 0.602062
specificity: 0.743936

[EPOCH-BY-EPOCH]
epoch	train_loss	train_acc	train_adv	test_loss	test_acc	test_adv	test_precision	test_recall	test_specificity
1	0.598827	0.666247	0.166247	0.599007	0.660513	0.160513	0.666926	0.649530	0.671630
2	0.594631	0.668402	0.168402	0.599164	0.673940	0.173940	0.725593	0.565817	0.783390
3	0.593261	0.670825	0.170825	0.595376	0.671041	0.171041	0.697542	0.611010	0.731808
4	0.593048	0.669757	0.169757	0.596528	0.672948	0.172948	0.722726	0.567637	0.779552
5	0.593032	0.668879	0.168879	0.596050	0.670583	0.170583	0.706984	0.589475	0.752687
6	0.592670	0.669852	0.169852	0.594968	0.673329	0.173329	0.712344	0.588110	0.759595
7	0.592638	0.670825	0.170825	0.594158	0.668523	0.168523	0.690755	0.617531	0.720141
8	0.592683	0.670558	0.170558	0.595889	0.675084	0.175084	0.723788	0.572642	0.778784
9	0.591622	0.670291	0.170291	0.594521	0.673863	0.173863	0.712479	0.589627	0.759134
10	0.592449	0.671645	0.171645	0.594121	0.668370	0.168370	0.691430	0.615408	0.721983
11	0.591946	0.671359	0.171359	0.594133	0.666234	0.166234	0.681439	0.631938	0.700952
12	0.591955	0.670748	0.170748	0.594764	0.673329	0.173329	0.715350	0.582348	0.765428
13	0.591968	0.670863	0.170863	0.594007	0.670430	0.170430	0.696237	0.611768	0.729813
14	0.591973	0.669909	0.169909	0.593744	0.673863	0.173863	0.700710	0.613891	0.734572
15	0.591823	0.671054	0.171054	0.594227	0.665700	0.165700	0.679837	0.634061	0.697728
16	0.591682	0.671149	0.171149	0.594514	0.663793	0.163793	0.675945	0.637094	0.690820
17	0.591432	0.671511	0.171511	0.593948	0.666997	0.166997	0.681131	0.635578	0.698803
18	0.591732	0.671397	0.171397	0.593371	0.671651	0.171651	0.697755	0.612678	0.731348
19	0.591404	0.670577	0.170577	0.595392	0.675084	0.175084	0.721663	0.576433	0.774946
20	0.591585	0.672484	0.172484	0.593824	0.672566	0.172566	0.704150	0.602062	0.743936
