=== TRAINING REPORT ===

[CONFIG]
data_path: ../Ciphers/Present-64/present64_R2_r5_s2269429834.npz
model: mlp
batch_size: 128
lr: 0.001
epochs: 20
train_split: 0.8
split_seed: 1234
device: cpu

[DATASET METADATA]
key: 295703296438627371161544
seed: 2269429834
rounds: 5
deltas: [0, 15, 128, 32768, 2147483648, 281474976710656, 32896, 72057594037927937]

[DATA SHAPES]
train_size: 52428
test_size: 13108
num_rows: 7
block_size: 64
trainable_parameters: 147969

[SUMMARY]
best_test_acc: 0.750763
best_test_adv: 0.250763
best_epoch: 8
best_epoch_train_acc: 0.852121
best_epoch_train_loss: 0.333930
best_epoch_test_loss: 0.544820
final_train_acc: 0.954986
final_test_acc: 0.729326
final_train_loss: 0.121513
final_test_loss: 1.149178
final_test_adv: 0.229326
max_overfit_gap_train_minus_test_acc: 0.228140
epoch_min_test_loss: 3
min_test_loss: 0.511831

[FINAL CONFUSION COUNTS]
TP: 4738
TN: 4822
FP: 1692
FN: 1856
precision: 0.736858
recall: 0.718532
specificity: 0.740252

[EPOCH-BY-EPOCH]
epoch	train_loss	train_acc	train_adv	test_loss	test_acc	test_adv	test_precision	test_recall	test_specificity
1	0.573915	0.688964	0.188964	0.561919	0.700259	0.200259	0.840532	0.498787	0.904206
2	0.534009	0.723201	0.223201	0.537084	0.720629	0.220629	0.743765	0.678344	0.763433
3	0.501222	0.747501	0.247501	0.511831	0.739854	0.239854	0.781471	0.670306	0.810255
4	0.468834	0.769741	0.269741	0.520747	0.736344	0.236344	0.735515	0.743100	0.729506
5	0.431123	0.795605	0.295605	0.560836	0.718874	0.218874	0.689709	0.801941	0.634787
6	0.394284	0.818647	0.318647	0.517320	0.748703	0.248703	0.770315	0.713072	0.784771
7	0.365841	0.835451	0.335451	0.548598	0.745880	0.245880	0.815632	0.639369	0.853700
8	0.333930	0.852121	0.352121	0.544820	0.750763	0.250763	0.793438	0.682135	0.820233
9	0.306646	0.868315	0.368315	0.606953	0.740388	0.240388	0.738170	0.749924	0.730734
10	0.282584	0.881323	0.381323	0.624087	0.740693	0.240693	0.742376	0.742038	0.739331
11	0.256417	0.893759	0.393759	0.642621	0.741074	0.241074	0.782386	0.672278	0.810715
12	0.238697	0.903830	0.403830	0.686638	0.737183	0.237183	0.741747	0.732636	0.741787
13	0.218726	0.912737	0.412737	0.743293	0.736573	0.236573	0.754414	0.706248	0.767270
14	0.196616	0.922465	0.422465	0.807062	0.734132	0.234132	0.743157	0.720503	0.747928
15	0.189098	0.925879	0.425879	0.817165	0.736268	0.236268	0.762951	0.690173	0.782929
16	0.164800	0.937572	0.437572	0.897083	0.734590	0.234590	0.769138	0.675008	0.794903
17	0.151077	0.943599	0.443599	0.988925	0.726427	0.226427	0.721698	0.742493	0.710163
18	0.135641	0.949092	0.449092	1.051382	0.729326	0.229326	0.738565	0.715044	0.743783
19	0.123153	0.954948	0.454948	1.114554	0.726808	0.226808	0.737356	0.709736	0.744090
20	0.121513	0.954986	0.454986	1.149178	0.729326	0.229326	0.736858	0.718532	0.740252
