=== TRAINING REPORT ===

[CONFIG]
data_path: ../Ciphers/Present-64/present64_R1_r5_s2269429834.npz
model: resnet
batch_size: 128
lr: 0.001
epochs: 20
train_split: 0.8
split_seed: 1234
device: cpu

[DATASET METADATA]
key: 295703296438627371161544
seed: 2269429834
rounds: 5
delta: 15

[DATA SHAPES]
train_size: 52428
test_size: 13108
num_rows: 1
block_size: 64
trainable_parameters: 125121

[SUMMARY]
best_test_acc: 0.708422
best_test_adv: 0.208422
best_epoch: 11
best_epoch_train_acc: 0.716144
best_epoch_train_loss: 0.539716
best_epoch_test_loss: 0.565199
final_train_acc: 0.724384
final_test_acc: 0.697589
final_train_loss: 0.526700
final_test_loss: 0.560319
final_test_adv: 0.197589
max_overfit_gap_train_minus_test_acc: 0.026795
epoch_min_test_loss: 6
min_test_loss: 0.551261

[FINAL CONFUSION COUNTS]
TP: 3940
TN: 5204
FP: 1310
FN: 2654
precision: 0.750476
recall: 0.597513
specificity: 0.798895

[EPOCH-BY-EPOCH]
epoch	train_loss	train_acc	train_adv	test_loss	test_acc	test_adv	test_precision	test_recall	test_specificity
1	0.596074	0.666667	0.166667	0.617871	0.668752	0.168752	0.803014	0.452533	0.887627
2	0.587387	0.674029	0.174029	0.588580	0.665166	0.165166	0.678948	0.634365	0.696346
3	0.565371	0.693542	0.193542	0.643619	0.669286	0.169286	0.948392	0.362299	0.980043
4	0.549798	0.707809	0.207809	0.553543	0.699496	0.199496	0.734086	0.631332	0.768499
5	0.547456	0.708934	0.208934	0.557465	0.690189	0.190189	0.698480	0.675918	0.704636
6	0.545426	0.711509	0.211509	0.551261	0.704150	0.204150	0.744157	0.627692	0.781547
7	0.544411	0.711509	0.211509	0.565321	0.708117	0.208117	0.837561	0.520776	0.897759
8	0.543084	0.712634	0.212634	0.559509	0.707507	0.207507	0.814781	0.541705	0.875345
9	0.541975	0.712673	0.212673	0.553970	0.707812	0.207812	0.784596	0.577798	0.839423
10	0.540445	0.715038	0.215038	0.551775	0.701861	0.201861	0.737783	0.631938	0.772644
11	0.539716	0.716144	0.216144	0.565199	0.708422	0.208422	0.839041	0.520170	0.898987
12	0.538358	0.716793	0.216793	0.555664	0.690189	0.190189	0.699795	0.672733	0.707860
13	0.536637	0.717422	0.217422	0.557142	0.706744	0.206744	0.782109	0.578101	0.836967
14	0.536428	0.718452	0.218452	0.557360	0.708193	0.208193	0.783419	0.580376	0.837581
15	0.534921	0.718776	0.218776	0.556687	0.704608	0.204608	0.771116	0.587049	0.823611
16	0.532995	0.719501	0.219501	0.564605	0.703998	0.203998	0.794232	0.555505	0.854314
17	0.532238	0.719196	0.219196	0.557372	0.700259	0.200259	0.730417	0.640582	0.760669
18	0.530140	0.722057	0.222057	0.559048	0.697055	0.197055	0.742377	0.609190	0.785999
19	0.528311	0.723220	0.223220	0.560179	0.697132	0.197132	0.723433	0.644222	0.750691
20	0.526700	0.724384	0.224384	0.560319	0.697589	0.197589	0.750476	0.597513	0.798895
