=== TRAINING REPORT ===

[CONFIG]
data_path: ../Ciphers/Speck-64/speck64_R2_r5_s100.npz
model: mlp
batch_size: 128
lr: 0.001
epochs: 20
train_split: 0.8
split_seed: 1234
device: cpu

[DATASET METADATA]
key: 1512366075204170929049582354406559215
seed: 100
rounds: 5
deltas: [0, 1, 2, 16, 4294967297, 65544, 51, 3855]

[DATA SHAPES]
train_size: 13107
test_size: 3277
num_rows: 7
block_size: 64
trainable_parameters: 147969

[SUMMARY]
best_test_acc: 0.713457
best_test_adv: 0.213457
best_epoch: 16
best_epoch_train_acc: 1.000000
best_epoch_train_loss: 0.004756
best_epoch_test_loss: 1.232904
final_train_acc: 1.000000
final_test_acc: 0.713457
final_train_loss: 0.001319
final_test_loss: 1.384745
final_test_adv: 0.213457
max_overfit_gap_train_minus_test_acc: 0.292112
epoch_min_test_loss: 3
min_test_loss: 0.603241

[FINAL CONFUSION COUNTS]
TP: 1147
TN: 1191
FP: 423
FN: 516
precision: 0.730573
recall: 0.689717
specificity: 0.737918

[EPOCH-BY-EPOCH]
epoch	train_loss	train_acc	train_adv	test_loss	test_acc	test_adv	test_precision	test_recall	test_specificity
1	0.653147	0.611734	0.111734	0.635843	0.615502	0.115502	0.588649	0.804570	0.420694
2	0.591267	0.686809	0.186809	0.615806	0.651816	0.151816	0.650867	0.677090	0.625774
3	0.570774	0.702144	0.202144	0.603241	0.664632	0.164632	0.717593	0.559230	0.773234
4	0.559179	0.713436	0.213436	0.608040	0.661581	0.161581	0.750906	0.498497	0.829616
5	0.534548	0.730602	0.230602	0.611163	0.658834	0.158834	0.758784	0.480457	0.842627
6	0.505987	0.749371	0.249371	0.616522	0.673787	0.173787	0.659164	0.739627	0.605948
7	0.444731	0.792630	0.292630	0.637500	0.687214	0.187214	0.680839	0.722189	0.651177
8	0.374159	0.837110	0.337110	0.644010	0.694843	0.194843	0.685714	0.736019	0.652416
9	0.278736	0.885252	0.385252	0.772280	0.671346	0.171346	0.643627	0.789537	0.549566
10	0.210778	0.915846	0.415846	0.762058	0.697284	0.197284	0.752066	0.601924	0.795539
11	0.151655	0.942168	0.442168	0.904958	0.694843	0.194843	0.767987	0.571257	0.822181
12	0.086277	0.973754	0.473754	0.896565	0.710406	0.210406	0.745192	0.652435	0.770136
13	0.057025	0.984054	0.484054	1.033254	0.700946	0.200946	0.743754	0.626578	0.777571
14	0.028118	0.995346	0.495346	1.156003	0.705218	0.205218	0.738535	0.648827	0.763321
15	0.011149	0.999466	0.499466	1.218068	0.707354	0.207354	0.725352	0.681299	0.734201
16	0.004756	1.000000	0.500000	1.232904	0.713457	0.213457	0.717810	0.717378	0.709418
17	0.002927	1.000000	0.500000	1.296759	0.710101	0.210101	0.718578	0.704750	0.715613
18	0.002140	1.000000	0.500000	1.311441	0.711932	0.211932	0.725675	0.695129	0.729244
19	0.001631	1.000000	0.500000	1.352019	0.712237	0.212237	0.723602	0.700541	0.724287
20	0.001319	1.000000	0.500000	1.384745	0.713457	0.213457	0.730573	0.689717	0.737918
