=== TRAINING REPORT ===

[CONFIG]
data_path: ../Ciphers/Speck-64/speck64_R2_r5_s200.npz
model: mlp
batch_size: 128
lr: 0.001
epochs: 20
train_split: 0.8
split_seed: 1234
device: cpu

[DATASET METADATA]
key: 1512366075204170929049582354406559215
seed: 200
rounds: 5
deltas: [0, 1, 2, 16, 4294967297, 65544, 51, 3855]

[DATA SHAPES]
train_size: 26214
test_size: 6554
num_rows: 7
block_size: 64
trainable_parameters: 147969

[SUMMARY]
best_test_acc: 0.770369
best_test_adv: 0.270369
best_epoch: 19
best_epoch_train_acc: 0.989624
best_epoch_train_loss: 0.032076
best_epoch_test_loss: 1.174184
final_train_acc: 0.978408
final_test_acc: 0.752518
final_train_loss: 0.060285
final_test_loss: 1.095122
final_test_adv: 0.252518
max_overfit_gap_train_minus_test_acc: 0.225891
epoch_min_test_loss: 6
min_test_loss: 0.536411

[FINAL CONFUSION COUNTS]
TP: 2257
TN: 2675
FP: 578
FN: 1044
precision: 0.796120
recall: 0.683732
specificity: 0.822318

[EPOCH-BY-EPOCH]
epoch	train_loss	train_acc	train_adv	test_loss	test_acc	test_adv	test_precision	test_recall	test_specificity
1	0.628788	0.638857	0.138857	0.606064	0.664937	0.164937	0.671531	0.655256	0.674762
2	0.585105	0.688869	0.188869	0.594766	0.676533	0.176533	0.714027	0.596789	0.757455
3	0.570160	0.698558	0.198558	0.591762	0.677144	0.177144	0.750317	0.538019	0.818322
4	0.550010	0.712787	0.212787	0.580810	0.683094	0.183094	0.689122	0.675553	0.690747
5	0.509242	0.746624	0.246624	0.558201	0.713457	0.213457	0.734741	0.674644	0.752844
6	0.456521	0.784352	0.284352	0.536411	0.730546	0.230546	0.762752	0.674947	0.786966
7	0.394294	0.823606	0.323606	0.551158	0.728868	0.228868	0.836572	0.573766	0.886259
8	0.329995	0.855917	0.355917	0.549618	0.747025	0.247025	0.813191	0.646168	0.849370
9	0.272118	0.885824	0.385824	0.562084	0.759841	0.259841	0.750072	0.784611	0.734706
10	0.228808	0.907683	0.407683	0.626548	0.758773	0.258773	0.744179	0.794002	0.723025
11	0.185746	0.926452	0.426452	0.628435	0.764724	0.264724	0.800684	0.709482	0.820781
12	0.156469	0.938849	0.438849	0.676315	0.758621	0.258621	0.748195	0.784914	0.731940
13	0.122008	0.954070	0.454070	0.748985	0.764266	0.264266	0.811568	0.692820	0.836766
14	0.095289	0.965286	0.465286	0.821600	0.754959	0.254959	0.732766	0.808240	0.700891
15	0.080127	0.971275	0.471275	0.907205	0.767165	0.267165	0.798319	0.719479	0.815555
16	0.058314	0.979667	0.479667	1.009164	0.759231	0.259231	0.753159	0.776431	0.741777
17	0.052590	0.981079	0.481079	1.015934	0.769912	0.269912	0.768172	0.777946	0.761758
18	0.043034	0.984512	0.484512	1.071922	0.766555	0.266555	0.793115	0.725841	0.807870
19	0.032076	0.989624	0.489624	1.174184	0.770369	0.270369	0.797351	0.729476	0.811866
20	0.060285	0.978408	0.478408	1.095122	0.752518	0.252518	0.796120	0.683732	0.822318
