=== TRAINING REPORT ===

[CONFIG]
data_path: ../Ciphers/Speck-64/speck64_R1_r5_s300.npz
model: mlp
batch_size: 128
lr: 0.001
epochs: 20
train_split: 0.8
split_seed: 1234
device: cpu

[DATASET METADATA]
key: 1512366075204170929049582354406559215
seed: 300
rounds: 5
delta: 1

[DATA SHAPES]
train_size: 209715
test_size: 52429
num_rows: 1
block_size: 64
trainable_parameters: 49665

[SUMMARY]
best_test_acc: 0.827901
best_test_adv: 0.327901
best_epoch: 7
best_epoch_train_acc: 0.836020
best_epoch_train_loss: 0.370434
best_epoch_test_loss: 0.393221
final_train_acc: 0.864035
final_test_acc: 0.815884
final_train_loss: 0.307909
final_test_loss: 0.442657
final_test_adv: 0.315884
max_overfit_gap_train_minus_test_acc: 0.048627
epoch_min_test_loss: 7
min_test_loss: 0.393221

[FINAL CONFUSION COUNTS]
TP: 20693
TN: 22083
FP: 4200
FN: 5453
precision: 0.831278
recall: 0.791440
specificity: 0.840201

[EPOCH-BY-EPOCH]
epoch	train_loss	train_acc	train_adv	test_loss	test_acc	test_adv	test_precision	test_recall	test_specificity
1	0.474110	0.777784	0.277784	0.421297	0.814015	0.314015	0.802658	0.831485	0.796637
2	0.405134	0.819703	0.319703	0.404769	0.818383	0.318383	0.820234	0.814274	0.822471
3	0.393508	0.825001	0.325001	0.396311	0.823609	0.323609	0.842509	0.794883	0.852186
4	0.386419	0.828758	0.328758	0.393745	0.825879	0.325879	0.847442	0.793735	0.857855
5	0.380278	0.831610	0.331610	0.394845	0.824525	0.324525	0.835193	0.807466	0.841495
6	0.375586	0.833641	0.333641	0.393836	0.825116	0.325116	0.857938	0.778169	0.871818
7	0.370434	0.836020	0.336020	0.393221	0.827901	0.327901	0.858177	0.784556	0.871019
8	0.365730	0.837432	0.337432	0.400515	0.821416	0.321416	0.825315	0.814235	0.828558
9	0.361487	0.839310	0.339310	0.396223	0.826737	0.326737	0.852462	0.789146	0.864133
10	0.356531	0.841709	0.341709	0.400120	0.823514	0.323514	0.844095	0.792473	0.854393
11	0.352235	0.843473	0.343473	0.402253	0.822369	0.322369	0.835172	0.802111	0.842522
12	0.347344	0.845853	0.345853	0.404619	0.825288	0.325288	0.847646	0.792014	0.858388
13	0.342127	0.847946	0.347946	0.407190	0.820367	0.320367	0.830985	0.803144	0.837500
14	0.336775	0.849973	0.349973	0.411969	0.823514	0.323514	0.850056	0.784479	0.862344
15	0.331606	0.852505	0.352505	0.416172	0.819127	0.319127	0.846381	0.778628	0.859415
16	0.327039	0.854836	0.354836	0.416678	0.822350	0.322350	0.845996	0.787042	0.857474
17	0.322048	0.857588	0.357588	0.423236	0.819623	0.319623	0.850241	0.774765	0.864247
18	0.317694	0.859619	0.359619	0.425388	0.813653	0.313653	0.830374	0.787118	0.840049
19	0.312673	0.861879	0.361879	0.439054	0.813252	0.313252	0.811987	0.814006	0.812502
20	0.307909	0.864035	0.364035	0.442657	0.815884	0.315884	0.831278	0.791440	0.840201
