=== TRAINING REPORT ===

[CONFIG]
data_path: ../Ciphers/Speck-64/speck64_R1_r5_s100.npz
model: mlp
batch_size: 128
lr: 0.001
epochs: 20
train_split: 0.8
split_seed: 1234
device: cpu

[DATASET METADATA]
key: 1512366075204170929049582354406559215
seed: 100
rounds: 5
delta: 1

[DATA SHAPES]
train_size: 52428
test_size: 13108
num_rows: 1
block_size: 64
trainable_parameters: 49665

[SUMMARY]
best_test_acc: 0.820644
best_test_adv: 0.320644
best_epoch: 8
best_epoch_train_acc: 0.834535
best_epoch_train_loss: 0.365215
best_epoch_test_loss: 0.407713
final_train_acc: 0.896162
final_test_acc: 0.792951
final_train_loss: 0.242049
final_test_loss: 0.541120
final_test_adv: 0.292951
max_overfit_gap_train_minus_test_acc: 0.103211
epoch_min_test_loss: 7
min_test_loss: 0.406039

[FINAL CONFUSION COUNTS]
TP: 5104
TN: 5290
FP: 1335
FN: 1379
precision: 0.792670
recall: 0.787290
specificity: 0.798491

[EPOCH-BY-EPOCH]
epoch	train_loss	train_acc	train_adv	test_loss	test_acc	test_adv	test_precision	test_recall	test_specificity
1	0.595360	0.675784	0.175784	0.473257	0.793103	0.293103	0.770788	0.827857	0.759094
2	0.450779	0.808270	0.308270	0.425511	0.818279	0.318279	0.801944	0.840043	0.796981
3	0.421386	0.818399	0.318399	0.411155	0.820568	0.320568	0.820084	0.816289	0.824755
4	0.405744	0.821946	0.321946	0.414967	0.818966	0.318966	0.865009	0.751195	0.885283
5	0.394622	0.825208	0.325208	0.410092	0.818584	0.318584	0.854185	0.763535	0.872453
6	0.385016	0.826982	0.326982	0.406672	0.819194	0.319194	0.846037	0.775567	0.861887
7	0.374676	0.830339	0.330339	0.406039	0.818431	0.318431	0.831047	0.794385	0.841962
8	0.365215	0.834535	0.334535	0.407713	0.820644	0.320644	0.831515	0.799321	0.841509
9	0.355975	0.838693	0.338693	0.411464	0.814236	0.314236	0.827296	0.789141	0.838792
10	0.346712	0.843328	0.343328	0.419602	0.816372	0.316372	0.849451	0.764152	0.867472
11	0.336837	0.847601	0.347601	0.421956	0.814312	0.314312	0.826901	0.789912	0.838189
12	0.326614	0.853399	0.353399	0.433679	0.804471	0.304471	0.822262	0.771402	0.836830
13	0.315552	0.858415	0.358415	0.450129	0.812634	0.312634	0.813483	0.805954	0.819170
14	0.304006	0.865759	0.365759	0.458229	0.806378	0.306378	0.853812	0.734228	0.876981
15	0.295061	0.869650	0.369650	0.471511	0.803250	0.303250	0.804145	0.796082	0.810264
16	0.284037	0.874723	0.374723	0.477403	0.806912	0.306912	0.840925	0.751812	0.860830
17	0.273351	0.881476	0.381476	0.491977	0.793485	0.293485	0.793532	0.787290	0.799547
18	0.264219	0.885672	0.385672	0.513046	0.787916	0.287916	0.767596	0.819219	0.757283
19	0.253874	0.890230	0.390230	0.514161	0.798825	0.298825	0.795664	0.798242	0.799396
20	0.242049	0.896162	0.396162	0.541120	0.792951	0.292951	0.792670	0.787290	0.798491
