=== TRAINING REPORT ===

[CONFIG]
data_path: ../Ciphers/Speck-64/speck64_R1_r5_s200.npz
model: mlp
batch_size: 128
lr: 0.001
epochs: 20
train_split: 0.8
split_seed: 1234
device: cpu

[DATASET METADATA]
key: 1512366075204170929049582354406559215
seed: 200
rounds: 5
delta: 1

[DATA SHAPES]
train_size: 104857
test_size: 26215
num_rows: 1
block_size: 64
trainable_parameters: 49665

[SUMMARY]
best_test_acc: 0.820942
best_test_adv: 0.320942
best_epoch: 8
best_epoch_train_acc: 0.837741
best_epoch_train_loss: 0.364566
best_epoch_test_loss: 0.403409
final_train_acc: 0.879550
final_test_acc: 0.807210
final_train_loss: 0.276787
final_test_loss: 0.491333
final_test_adv: 0.307210
max_overfit_gap_train_minus_test_acc: 0.072341
epoch_min_test_loss: 5
min_test_loss: 0.401877

[FINAL CONFUSION COUNTS]
TP: 10138
TN: 11023
FP: 1971
FN: 3083
precision: 0.837229
recall: 0.766810
specificity: 0.848315

[EPOCH-BY-EPOCH]
epoch	train_loss	train_acc	train_adv	test_loss	test_acc	test_adv	test_precision	test_recall	test_specificity
1	0.517518	0.745472	0.245472	0.436122	0.814953	0.314953	0.822967	0.806596	0.823457
2	0.422582	0.816913	0.316913	0.414900	0.817814	0.317814	0.818319	0.821042	0.814530
3	0.404458	0.821624	0.321624	0.405725	0.818920	0.318920	0.849242	0.779291	0.859243
4	0.394270	0.824599	0.324599	0.411078	0.819149	0.319149	0.851517	0.776870	0.862167
5	0.385169	0.827851	0.327851	0.401877	0.819989	0.319989	0.849416	0.781635	0.859012
6	0.377846	0.831437	0.331437	0.405948	0.816517	0.316517	0.822681	0.810983	0.822149
7	0.371034	0.834537	0.334537	0.407631	0.819035	0.319035	0.844846	0.785417	0.853240
8	0.364566	0.837741	0.337741	0.403409	0.820942	0.320942	0.857466	0.773542	0.869170
9	0.358332	0.840516	0.340516	0.410116	0.817738	0.317738	0.841352	0.787006	0.849007
10	0.350883	0.843759	0.343759	0.415573	0.820103	0.320103	0.845760	0.786779	0.854010
11	0.344355	0.847163	0.347163	0.410968	0.815640	0.315640	0.843602	0.778837	0.853086
12	0.337230	0.850997	0.350997	0.423858	0.809651	0.309651	0.836041	0.774450	0.845467
13	0.329475	0.854068	0.354068	0.429324	0.811902	0.311902	0.824894	0.796006	0.828074
14	0.322870	0.857501	0.357501	0.440183	0.813923	0.313923	0.857792	0.756448	0.872403
15	0.315269	0.859933	0.359933	0.443996	0.810719	0.310719	0.817581	0.804100	0.817454
16	0.308115	0.863710	0.363710	0.448802	0.804196	0.304196	0.818475	0.786098	0.822610
17	0.300490	0.868335	0.368335	0.455517	0.807133	0.307133	0.840691	0.761970	0.853086
18	0.292654	0.871520	0.371520	0.470006	0.806294	0.306294	0.828109	0.777248	0.835847
19	0.284679	0.875507	0.375507	0.475821	0.803738	0.303738	0.828399	0.770441	0.837617
20	0.276787	0.879550	0.379550	0.491333	0.807210	0.307210	0.837229	0.766810	0.848315
