=== TRAINING REPORT ===

[CONFIG]
data_path: ../Ciphers/Speck-64/speck64_R2_r5_s300.npz
model: mlp
batch_size: 128
lr: 0.001
epochs: 20
train_split: 0.8
split_seed: 1234
device: cpu

[DATASET METADATA]
key: 1512366075204170929049582354406559215
seed: 300
rounds: 5
deltas: [0, 1, 2, 16, 4294967297, 65544, 51, 3855]

[DATA SHAPES]
train_size: 52428
test_size: 13108
num_rows: 7
block_size: 64
trainable_parameters: 147969

[SUMMARY]
best_test_acc: 0.830638
best_test_adv: 0.330638
best_epoch: 12
best_epoch_train_acc: 0.929026
best_epoch_train_loss: 0.186527
best_epoch_test_loss: 0.458420
final_train_acc: 0.971561
final_test_acc: 0.814922
final_train_loss: 0.079625
final_test_loss: 0.797137
final_test_adv: 0.314922
max_overfit_gap_train_minus_test_acc: 0.156639
epoch_min_test_loss: 8
min_test_loss: 0.415352

[FINAL CONFUSION COUNTS]
TP: 5015
TN: 5667
FP: 988
FN: 1438
precision: 0.835416
recall: 0.777158
specificity: 0.851540

[EPOCH-BY-EPOCH]
epoch	train_loss	train_acc	train_adv	test_loss	test_acc	test_adv	test_precision	test_recall	test_specificity
1	0.613703	0.658064	0.158064	0.603980	0.676076	0.176076	0.657530	0.713777	0.639519
2	0.579060	0.691939	0.191939	0.581303	0.692783	0.192783	0.772952	0.532311	0.848385
3	0.546480	0.716258	0.216258	0.529019	0.733216	0.233216	0.771292	0.651170	0.812772
4	0.475697	0.770047	0.270047	0.481240	0.768538	0.268538	0.775237	0.746165	0.790233
5	0.400451	0.820039	0.320039	0.438880	0.794553	0.294553	0.824922	0.739656	0.847784
6	0.338846	0.855077	0.355077	0.419111	0.817745	0.317745	0.852288	0.761816	0.871976
7	0.298249	0.876307	0.376307	0.428764	0.813168	0.313168	0.898012	0.699985	0.922915
8	0.272837	0.888170	0.388170	0.415352	0.830027	0.330027	0.862910	0.778398	0.880090
9	0.240925	0.904841	0.404841	0.454981	0.822322	0.322322	0.799101	0.853711	0.791886
10	0.222060	0.912070	0.412070	0.433536	0.829799	0.329799	0.836254	0.813575	0.845530
11	0.201188	0.921645	0.421645	0.475627	0.825298	0.325298	0.822264	0.823028	0.827498
12	0.186527	0.929026	0.429026	0.458420	0.830638	0.330638	0.828394	0.827367	0.833809
13	0.160989	0.939174	0.439174	0.491660	0.824840	0.324840	0.844636	0.789400	0.859204
14	0.150124	0.944533	0.444533	0.526769	0.822704	0.322704	0.839947	0.790485	0.853944
15	0.134796	0.949779	0.449779	0.631215	0.811794	0.311794	0.790271	0.840849	0.783621
16	0.118430	0.957675	0.457675	0.662652	0.819194	0.319194	0.807594	0.830621	0.808114
17	0.113229	0.958991	0.458991	0.621218	0.817974	0.317974	0.842744	0.774833	0.859805
18	0.101200	0.963703	0.463703	0.659957	0.817440	0.317440	0.829011	0.792655	0.841473
19	0.094552	0.965801	0.465801	0.782501	0.813168	0.313168	0.798806	0.829382	0.797446
20	0.079625	0.971561	0.471561	0.797137	0.814922	0.314922	0.835416	0.777158	0.851540
